 500
 100 100 
 28 15 0 4 840 
 39 45 0 4 3510 
 41 29 0 4 2378 
 20 79 0 4 3160 
 10 20 0 4 200 
 42 48 0 4 6048 
 44 87 0 4 3828 
 17 8 0 4 136 
 100 91 0 4 27300 
 17 42 0 4 2142 
 30 85 0 4 2550 
 39 37 0 4 2886 
 50 13 0 4 1950 
 40 97 0 4 3880 
 47 9 0 4 846 
 50 31 0 4 3100 
 100 49 0 4 14700 
 9 44 0 4 1188 
 39 12 0 4 468 
 38 34 0 4 1292 
 64 55 0 4 7040 
 95 44 0 4 4180 
 21 44 0 4 1848 
 99 16 0 4 3168 
 59 62 0 4 3658 
 49 29 0 4 1421 
 2 31 0 4 62 
 39 41 0 4 4797 
 41 47 0 4 3854 
 32 47 0 4 3008 
 79 19 0 4 4503 
 37 5 0 4 370 
 6 11 0 4 198 
 7 34 0 4 714 
 14 37 0 4 518 
 38 26 0 4 1976 
 31 18 0 4 558 
 20 25 0 4 1000 
 2 41 0 4 82 
 33 19 0 4 1881 
 11 6 0 4 198 
 3 11 0 4 99 
 8 46 0 4 368 
 19 9 0 4 513 
 79 23 0 4 5451 
 26 16 0 4 832 
 7 23 0 4 161 
 43 37 0 4 1591 
 29 8 0 4 696 
 11 11 0 4 242 
 27 31 0 4 837 
 83 13 0 4 1079 
 23 28 0 4 644 
 41 98 0 4 8036 
 30 2 0 4 180 
 99 77 0 4 15246 
 34 31 0 4 3162 
 12 14 0 4 336 
 47 14 0 4 1316 
 100 51 0 4 10200 
 23 14 0 4 644 
 44 12 0 4 1584 
 85 15 0 4 1275 
 33 30 0 4 990 
 13 84 0 4 1092 
 37 20 0 4 740 
 46 85 0 4 11730 
 50 26 0 4 1300 
 19 46 0 4 1748 
 26 5 0 4 260 
 34 14 0 4 952 
 34 88 0 4 5984 
 48 5 0 4 240 
 15 32 0 4 480 
 99 87 0 4 8613 
 20 49 0 4 2940 
 86 33 0 4 5676 
 18 9 0 4 486 
 21 29 0 4 609 
 46 36 0 4 4968 
 6 11 0 4 66 
 29 77 0 4 6699 
 36 37 0 4 1332 
 48 3 0 4 144 
 25 36 0 4 900 
 23 12 0 4 552 
 78 24 0 4 3744 
 30 30 0 4 2700 
 39 5 0 4 195 
 35 49 0 4 3430 
 38 47 0 4 5358 
 14 92 0 4 2576 
 48 32 0 4 4608 
 36 3 0 4 324 
 31 29 0 4 2697 
 43 13 0 4 1118 
 17 49 0 4 2499 
 17 2 0 4 68 
 54 55 0 4 2970 
 16 10 0 4 320 
 43 49 0 4 2107 
 24 25 0 4 1200 
 22 29 0 4 638 
 20 32 0 4 1920 
 27 16 0 4 864 
 46 14 0 4 644 
 23 2 0 4 46 
 12 10 0 4 120 
 95 51 0 4 9690 
 43 11 0 4 1419 
 25 17 0 4 425 
 75 63 0 4 9450 
 32 16 0 4 1536 
 5 17 0 4 170 
 78 31 0 4 4836 
 6 8 0 4 96 
 38 45 0 4 5130 
 72 92 0 4 6624 
 30 7 0 4 420 
 36 45 0 4 4860 
 91 8 0 4 2184 
 41 11 0 4 902 
 9 26 0 4 468 
 34 34 0 4 3468 
 45 96 0 4 4320 
 48 22 0 4 2112 
 25 43 0 4 1075 
 34 9 0 4 918 
 12 4 0 4 144 
 13 45 0 4 1170 
 18 32 0 4 1728 
 64 70 0 4 8960 
 25 34 0 4 2550 
 50 78 0 4 11700 
 49 26 0 4 1274 
 97 30 0 4 2910 
 22 14 0 4 924 
 37 47 0 4 1739 
 93 87 0 4 24273 
 37 22 0 4 814 
 38 36 0 4 2736 
 39 93 0 4 3627 
 20 4 0 4 240 
 15 31 0 4 930 
 60 52 0 4 9360 
 16 21 0 4 336 
 20 37 0 4 740 
 11 31 0 4 1023 
 37 20 0 4 740 
 39 13 0 4 507 
 72 95 0 4 20520 
 8 20 0 4 320 
 42 43 0 4 1806 
 18 86 0 4 1548 
 25 83 0 4 2075 
 9 22 0 4 594 
 37 37 0 4 4107 
 9 49 0 4 1323 
 13 34 0 4 442 
 23 10 0 4 460 
 15 91 0 4 2730 
 97 42 0 4 8148 
 75 66 0 4 4950 
 7 17 0 4 238 
 40 39 0 4 4680 
 20 6 0 4 360 
 90 33 0 4 2970 
 90 60 0 4 10800 
 50 47 0 4 4700 
 87 14 0 4 3654 
 40 50 0 4 4000 
 5 80 0 4 400 
 98 97 0 4 9506 
 16 23 0 4 368 
 46 86 0 4 11868 
 14 78 0 4 3276 
 9 97 0 4 2619 
 41 4 0 4 164 
 2 30 0 4 180 
 21 83 0 4 1743 
 12 48 0 4 1152 
 41 83 0 4 6806 
 4 18 0 4 72 
 79 13 0 4 3081 
 7 19 0 4 266 
 100 81 0 4 8100 
 31 95 0 4 2945 
 7 9 0 4 126 
 38 35 0 4 3990 
 20 41 0 4 820 
 20 91 0 4 3640 
 27 7 0 4 567 
 91 97 0 4 17654 
 50 42 0 4 4200 
 12 32 0 4 384 
 10 36 0 4 720 
 15 15 0 4 675 
 4 19 0 4 76 
 59 65 0 4 7670 
 24 44 0 4 1056 
 32 22 0 4 2112 
 18 9 0 4 324 
 3 34 0 4 204 
 79 27 0 4 6399 
 41 24 0 4 1968 
 10 39 0 4 390 
 29 37 0 4 3219 
 4 46 0 4 552 
 49 50 0 4 7350 
 40 4 0 4 160 
 60 87 0 4 10440 
 21 29 0 4 1218 
 23 36 0 4 828 
 5 83 0 4 830 
 35 13 0 4 910 
 61 70 0 4 4270 
 10 25 0 4 500 
 83 28 0 4 6972 
 19 47 0 4 1786 
 98 89 0 4 17444 
 6 27 0 4 486 
 46 93 0 4 8556 
 21 4 0 4 84 
 29 48 0 4 2784 
 5 44 0 4 660 
 15 14 0 4 420 
 62 89 0 4 16554 
 50 37 0 4 5550 
 95 99 0 4 28215 
 37 9 0 4 333 
 31 48 0 4 1488 
 86 82 0 4 21156 
 20 3 0 4 60 
 29 29 0 4 841 
 50 33 0 4 1650 
 22 31 0 4 682 
 89 34 0 4 6052 
 25 9 0 4 450 
 30 28 0 4 2520 
 84 64 0 4 5376 
 31 27 0 4 1674 
 82 30 0 4 4920 
 14 24 0 4 336 
 31 22 0 4 682 
 25 30 0 4 750 
 36 6 0 4 648 
 25 4 0 4 200 
 37 46 0 4 1702 
 28 14 0 4 784 
 44 14 0 4 1848 
 32 36 0 4 3456 
 66 100 0 4 13200 
 89 5 0 4 445 
 10 30 0 4 900 
 19 15 0 4 855 
 14 25 0 4 350 
 17 6 0 4 102 
 41 23 0 4 1886 
 13 29 0 4 377 
 4 32 0 4 128 
 88 14 0 4 2464 
 49 15 0 4 2205 
 35 20 0 4 2100 
 94 98 0 4 27636 
 11 94 0 4 2068 
 43 50 0 4 4300 
 47 34 0 4 1598 
 18 99 0 4 5346 
 6 99 0 4 1188 
 40 15 0 4 600 
 42 35 0 4 4410 
 20 23 0 4 920 
 46 8 0 4 736 
 42 37 0 4 3108 
 19 14 0 4 266 
 38 32 0 4 2432 
 13 29 0 4 1131 
 14 39 0 4 546 
 23 14 0 4 322 
 74 95 0 4 21090 
 7 50 0 4 700 
 42 41 0 4 3444 
 9 11 0 4 297 
 39 2 0 4 156 
 32 19 0 4 1216 
 46 21 0 4 2898 
 30 16 0 4 480 
 43 3 0 4 129 
 4 13 0 4 156 
 23 39 0 4 2691 
 25 100 0 4 7500 
 37 40 0 4 4440 
 46 33 0 4 1518 
 44 15 0 4 660 
 46 33 0 4 3036 
 22 12 0 4 264 
 39 8 0 4 936 
 20 29 0 4 580 
 49 8 0 4 1176 
 48 31 0 4 4464 
 16 30 0 4 960 
 42 84 0 4 7056 
 45 11 0 4 1485 
 27 77 0 4 2079 
 34 23 0 4 2346 
 41 32 0 4 1312 
 33 36 0 4 3564 
 49 90 0 4 4410 
 8 33 0 4 792 
 99 26 0 4 7722 
 82 57 0 4 14022 
 30 47 0 4 1410 
 93 35 0 4 3255 
 86 11 0 4 2838 
 21 21 0 4 882 
 49 38 0 4 3724 
 12 9 0 4 324 
 79 38 0 4 6004 
 45 32 0 4 1440 
 98 76 0 4 14896 
 38 13 0 4 494 
 76 4 0 4 304 
 87 46 0 4 8004 
 37 11 0 4 814 
 16 14 0 4 672 
 49 18 0 4 2646 
 13 5 0 4 130 
 27 50 0 4 1350 
 5 85 0 4 850 
 33 81 0 4 5346 
 28 18 0 4 1008 
 6 38 0 4 228 
 91 76 0 4 20748 
 27 45 0 4 1215 
 6 83 0 4 1494 
 33 22 0 4 2178 
 25 39 0 4 2925 
 6 31 0 4 558 
 45 9 0 4 1215 
 14 38 0 4 1596 
 44 31 0 4 4092 
 2 37 0 4 222 
 40 21 0 4 1680 
 8 37 0 4 888 
 24 12 0 4 864 
 20 78 0 4 3120 
 95 12 0 4 3420 
 40 17 0 4 1360 
 44 11 0 4 484 
 9 48 0 4 864 
 85 62 0 4 5270 
 46 2 0 4 184 
 2 9 0 4 36 
 54 70 0 4 11340 
 47 86 0 4 12126 
 31 2 0 4 186 
 84 97 0 4 16296 
 30 35 0 4 3150 
 73 90 0 4 13140 
 46 13 0 4 1196 
 20 92 0 4 3680 
 25 24 0 4 600 
 78 40 0 4 3120 
 28 28 0 4 784 
 19 80 0 4 4560 
 36 85 0 4 6120 
 6 91 0 4 546 
 36 36 0 4 3888 
 16 6 0 4 288 
 39 12 0 4 936 
 26 8 0 4 416 
 21 16 0 4 672 
 32 17 0 4 1088 
 30 32 0 4 960 
 12 80 0 4 960 
 19 21 0 4 798 
 41 8 0 4 984 
 49 45 0 4 4410 
 44 15 0 4 1980 
 94 35 0 4 9870 
 6 31 0 4 186 
 10 16 0 4 160 
 56 88 0 4 14784 
 29 99 0 4 5742 
 32 21 0 4 672 
 39 37 0 4 4329 
 78 4 0 4 936 
 46 24 0 4 3312 
 40 46 0 4 5520 
 12 42 0 4 504 
 87 44 0 4 7656 
 35 91 0 4 9555 
 18 2 0 4 72 
 40 24 0 4 960 
 41 20 0 4 1640 
 49 28 0 4 4116 
 23 17 0 4 1173 
 58 71 0 4 4118 
 93 83 0 4 23157 
 35 20 0 4 1400 
 8 99 0 4 792 
 25 13 0 4 325 
 2 27 0 4 108 
 27 2 0 4 108 
 27 40 0 4 1080 
 19 11 0 4 418 
 37 2 0 4 222 
 31 79 0 4 2449 
 34 43 0 4 4386 
 2 26 0 4 104 
 30 49 0 4 1470 
 47 3 0 4 282 
 33 25 0 4 2475 
 76 42 0 4 9576 
 75 66 0 4 14850 
 28 15 0 4 420 
 99 15 0 4 1485 
 6 17 0 4 102 
 13 37 0 4 1443 
 43 77 0 4 6622 
 18 18 0 4 972 
 32 28 0 4 1792 
 50 47 0 4 2350 
 76 12 0 4 2736 
 6 12 0 4 144 
 2 37 0 4 148 
 100 27 0 4 5400 
 8 77 0 4 616 
 35 37 0 4 1295 
 79 50 0 4 3950 
 39 49 0 4 5733 
 83 5 0 4 830 
 93 18 0 4 1674 
 12 50 0 4 1800 
 45 6 0 4 270 
 18 29 0 4 522 
 32 34 0 4 2176 
 4 94 0 4 376 
 39 29 0 4 1131 
 37 7 0 4 518 
 30 32 0 4 1920 
 28 41 0 4 2296 
 33 39 0 4 3861 
 32 16 0 4 1536 
 37 8 0 4 296 
 85 7 0 4 595 
 56 75 0 4 8400 
 22 5 0 4 220 
 33 87 0 4 2871 
 17 10 0 4 340 
 13 10 0 4 260 
 9 14 0 4 252 
 53 90 0 4 4770 
 50 46 0 4 4600 
 37 21 0 4 777 
 96 20 0 4 1920 
 30 30 0 4 1800 
 30 29 0 4 1740 
 71 90 0 4 6390 
 50 44 0 4 6600 
 34 80 0 4 5440 
 48 7 0 4 1008 
 87 79 0 4 6873 
 19 5 0 4 285 
 94 35 0 4 9870 
 23 26 0 4 1794 
 28 6 0 4 336 
 27 29 0 4 783 
 26 35 0 4 910 
 6 6 0 4 108 
 33 3 0 4 99 
 62 71 0 4 13206 
 78 40 0 4 9360 
 38 42 0 4 3192 
 9 5 0 4 90 
 39 30 0 4 3510 
 2 29 0 4 116 
 3 7 0 4 63 
 90 31 0 4 5580 
 36 48 0 4 5184 
 44 34 0 4 4488 
 6 20 0 4 120 
 83 95 0 4 7885 
 37 31 0 4 2294 
 10 30 0 4 600 
 81 92 0 4 14904 
 61 51 0 4 6222 
 51 95 0 4 14535 
 44 25 0 4 2200 
 42 40 0 4 5040 
 19 13 0 4 741 
 47 46 0 4 6486 
 8 98 0 4 1568 
 9 48 0 4 432 
 3 17 0 4 102 
 25 31 0 4 775 
 25 40 0 4 3000 
 99 19 0 4 5643 
 4 99 0 4 396 
 35 44 0 4 1540 
