 40
 100 100 
 76 42 0 1 3192 
 10 14 0 1 140 
 24 11 0 1 264 
 35 7 0 1 245 
 83 60 0 1 9960 
 49 42 0 1 6174 
 98 27 0 1 7938 
 3 18 0 1 108 
 80 83 0 1 19920 
 5 21 0 1 210 
 54 92 0 1 4968 
 22 77 0 1 1694 
 5 95 0 1 1425 
 50 93 0 1 9300 
 94 100 0 1 18800 
 21 91 0 1 1911 
 88 19 0 1 3344 
 92 78 0 1 14352 
 67 56 0 1 11256 
 19 84 0 1 4788 
 39 45 0 1 1755 
 23 10 0 1 690 
 30 13 0 1 1170 
 3 39 0 1 234 
 16 27 0 1 432 
 51 64 0 1 9792 
 88 24 0 1 4224 
 43 78 0 1 6708 
 78 16 0 1 3744 
 40 3 0 1 360 
 50 84 0 1 4200 
 19 80 0 1 3040 
 28 19 0 1 1596 
 85 29 0 1 7395 
 69 59 0 1 8142 
 15 5 0 1 225 
 51 99 0 1 10098 
 24 23 0 1 1656 
 76 28 0 1 6384 
 40 38 0 1 1520 
