 50
 100 100 
 74 95 0 3 7030 
 17 45 0 3 1530 
 15 90 0 3 4050 
 20 40 0 3 1600 
 38 47 0 3 1786 
 41 83 0 3 3403 
 73 84 0 3 12264 
 61 99 0 3 12078 
 100 6 0 3 1800 
 88 15 0 3 3960 
 39 79 0 3 6162 
 24 28 0 3 1344 
 26 78 0 3 6084 
 65 88 0 3 5720 
 2 47 0 3 282 
 55 56 0 3 9240 
 77 41 0 3 6314 
 28 48 0 3 1344 
 18 38 0 3 1368 
 100 66 0 3 6600 
 97 76 0 3 7372 
 94 23 0 3 4324 
 23 36 0 3 828 
 34 31 0 3 3162 
 90 100 0 3 9000 
 83 48 0 3 11952 
 3 94 0 3 846 
 95 29 0 3 2755 
 38 9 0 3 342 
 5 4 0 3 20 
 77 38 0 3 2926 
 67 68 0 3 9112 
 38 41 0 3 1558 
 43 34 0 3 1462 
 47 47 0 3 6627 
 55 68 0 3 3740 
 7 96 0 3 2016 
 25 36 0 3 1800 
 18 87 0 3 1566 
 96 31 0 3 2976 
 20 98 0 3 3920 
 16 14 0 3 672 
 47 78 0 3 3666 
 89 6 0 3 534 
 62 76 0 3 4712 
 22 44 0 3 968 
 65 97 0 3 18915 
 84 66 0 3 16632 
 43 94 0 3 4042 
 74 52 0 3 7696 
