 30 
 250 250 
 66 80 0 1 5280 
 164 107 0 1 17548 
 64 184 0 1 11776 
 121 86 0 1 10406 
 163 135 0 1 22005 
 85 98 0 1 8330 
 81 102 0 1 8262 
 103 186 0 1 19158 
 152 106 0 1 16112 
 176 139 0 1 24464 
 111 118 0 1 13098 
 69 169 0 1 11661 
 146 133 0 1 19418 
 112 112 0 1 12544 
 133 160 0 1 21280 
 63 129 0 1 8127 
 163 152 0 1 24776 
 110 155 0 1 17050 
 96 136 0 1 13056 
 92 142 0 1 13064 
 84 143 0 1 12012 
 119 133 0 1 15827 
 71 71 0 1 5041 
 146 84 0 1 12264 
 93 86 0 1 7998 
 89 86 0 1 7654 
 101 146 0 1 14746 
 172 73 0 1 12556 
 73 169 0 1 12337 
 99 99 0 1 9801 
