 150
 100 100 
 5 4 0 3 40 
 48 78 0 3 11232 
 3 38 0 3 114 
 36 39 0 3 2808 
 18 95 0 3 3420 
 17 9 0 3 153 
 13 9 0 3 351 
 39 38 0 3 1482 
 82 56 0 3 4592 
 27 87 0 3 2349 
 42 23 0 3 966 
 82 64 0 3 15744 
 31 12 0 3 1116 
 30 78 0 3 2340 
 79 87 0 3 13746 
 31 37 0 3 2294 
 40 36 0 3 4320 
 21 49 0 3 3087 
 44 17 0 3 2244 
 92 38 0 3 10488 
 76 31 0 3 2356 
 5 20 0 3 200 
 30 34 0 3 1020 
 79 94 0 3 22278 
 29 11 0 3 638 
 50 43 0 3 2150 
 31 20 0 3 620 
 27 11 0 3 297 
 80 79 0 3 12640 
 15 91 0 3 2730 
 9 77 0 3 693 
 12 81 0 3 1944 
 37 17 0 3 629 
 4 7 0 3 28 
 25 16 0 3 1200 
 77 12 0 3 1848 
 82 6 0 3 1476 
 33 24 0 3 2376 
 4 33 0 3 264 
 39 31 0 3 1209 
 41 17 0 3 697 
 38 23 0 3 874 
 42 24 0 3 1008 
 15 18 0 3 270 
 96 39 0 3 3744 
 88 6 0 3 1056 
 32 22 0 3 1408 
 39 78 0 3 9126 
 37 48 0 3 3552 
 8 13 0 3 208 
 48 39 0 3 5616 
 33 32 0 3 2112 
 32 6 0 3 384 
 10 38 0 3 380 
 48 35 0 3 5040 
 23 39 0 3 1794 
 2 32 0 3 192 
 75 69 0 3 10350 
 22 24 0 3 1584 
 8 35 0 3 280 
 8 22 0 3 352 
 92 22 0 3 4048 
 71 52 0 3 11076 
 5 78 0 3 1170 
 7 34 0 3 714 
 61 53 0 3 6466 
 99 74 0 3 21978 
 14 83 0 3 2324 
 16 36 0 3 1728 
 2 33 0 3 66 
 26 49 0 3 1274 
 8 24 0 3 576 
 50 50 0 3 7500 
 28 90 0 3 2520 
 37 49 0 3 3626 
 46 37 0 3 3404 
 69 99 0 3 20493 
 9 27 0 3 729 
 27 28 0 3 2268 
 39 90 0 3 3510 
 27 6 0 3 162 
 74 80 0 3 17760 
 64 96 0 3 12288 
 88 49 0 3 8624 
 47 26 0 3 3666 
 45 43 0 3 1935 
 88 26 0 3 6864 
 17 27 0 3 459 
 12 11 0 3 396 
 24 40 0 3 1920 
 43 84 0 3 10836 
 10 11 0 3 110 
 30 48 0 3 1440 
 82 87 0 3 7134 
 91 26 0 3 4732 
 22 15 0 3 330 
 14 9 0 3 126 
 13 6 0 3 234 
 99 33 0 3 6534 
 85 67 0 3 5695 
 40 42 0 3 5040 
 9 45 0 3 810 
 5 7 0 3 70 
 82 42 0 3 3444 
 8 78 0 3 1872 
 49 33 0 3 3234 
 4 99 0 3 792 
 11 87 0 3 1914 
 6 10 0 3 60 
 29 39 0 3 3393 
 7 44 0 3 616 
 39 9 0 3 702 
 41 85 0 3 3485 
 19 40 0 3 1520 
 81 62 0 3 15066 
 47 11 0 3 1551 
 52 76 0 3 7904 
 20 41 0 3 2460 
 73 80 0 3 17520 
 22 2 0 3 88 
 76 73 0 3 11096 
 34 37 0 3 3774 
 94 15 0 3 4230 
 47 32 0 3 1504 
 98 94 0 3 18424 
 18 38 0 3 1368 
 46 30 0 3 1380 
 36 7 0 3 252 
 39 6 0 3 702 
 41 38 0 3 4674 
 2 13 0 3 78 
 36 10 0 3 360 
 38 3 0 3 114 
 15 25 0 3 375 
 50 4 0 3 200 
 49 22 0 3 1078 
 97 84 0 3 8148 
 29 81 0 3 4698 
 84 42 0 3 10584 
 76 12 0 3 1824 
 43 35 0 3 1505 
 84 19 0 3 1596 
 43 25 0 3 1075 
 58 52 0 3 9048 
 31 5 0 3 310 
 28 36 0 3 3024 
 5 38 0 3 190 
 21 19 0 3 1197 
 46 20 0 3 1840 
 32 13 0 3 416 
