 30 
 500 500 
 348 220 0 1 76560 
 255 184 0 1 46920 
 191 249 0 1 47559 
 212 194 0 1 41128 
 348 322 0 1 112056 
 171 369 0 1 63099 
 206 327 0 1 67362 
 221 277 0 1 61217 
 250 202 0 1 50500 
 205 226 0 1 46330 
 193 280 0 1 54040 
 364 311 0 1 113204 
 264 224 0 1 59136 
 244 347 0 1 84668 
 270 338 0 1 91260 
 224 236 0 1 52864 
 168 177 0 1 29736 
 285 347 0 1 98895 
 315 294 0 1 92610 
 247 219 0 1 54093 
 315 302 0 1 95130 
 129 147 0 1 18963 
 268 273 0 1 73164 
 350 352 0 1 123200 
 186 258 0 1 47988 
 365 374 0 1 136510 
 145 259 0 1 37555 
 284 184 0 1 52256 
 129 198 0 1 25542 
 146 351 0 1 51246 
