 1000
 100 100 
 10 5 0 1 150 
 40 5 0 1 200 
 67 80 0 1 5360 
 24 25 0 1 1200 
 46 92 0 1 12696 
 46 92 0 1 8464 
 37 24 0 1 1776 
 35 13 0 1 910 
 82 69 0 1 5658 
 79 29 0 1 6873 
 24 3 0 1 144 
 81 100 0 1 24300 
 17 29 0 1 1479 
 34 8 0 1 544 
 27 44 0 1 1188 
 30 20 0 1 600 
 7 42 0 1 882 
 22 19 0 1 1254 
 4 14 0 1 112 
 29 20 0 1 580 
 22 48 0 1 1056 
 99 83 0 1 16434 
 97 75 0 1 14550 
 3 97 0 1 582 
 22 40 0 1 1760 
 82 90 0 1 14760 
 53 62 0 1 9858 
 36 21 0 1 1512 
 34 85 0 1 5780 
 97 80 0 1 15520 
 95 53 0 1 10070 
 37 95 0 1 10545 
 29 35 0 1 1015 
 45 13 0 1 1755 
 66 82 0 1 5412 
 73 97 0 1 21243 
 27 23 0 1 621 
 41 96 0 1 7872 
 59 71 0 1 12567 
 47 98 0 1 9212 
 45 3 0 1 405 
 25 2 0 1 100 
 17 95 0 1 3230 
 90 30 0 1 5400 
 13 14 0 1 546 
 72 93 0 1 20088 
 14 44 0 1 1848 
 80 38 0 1 9120 
 18 19 0 1 1026 
 14 10 0 1 280 
 50 25 0 1 2500 
 5 19 0 1 95 
 33 32 0 1 3168 
 100 26 0 1 2600 
 20 93 0 1 3720 
 14 12 0 1 336 
 37 43 0 1 3182 
 37 19 0 1 1406 
 8 92 0 1 1472 
 4 14 0 1 112 
 98 75 0 1 14700 
 92 45 0 1 8280 
 40 20 0 1 1600 
 32 13 0 1 416 
 81 31 0 1 5022 
 38 17 0 1 1292 
 90 93 0 1 16740 
 77 52 0 1 8008 
 23 25 0 1 1150 
 33 22 0 1 1452 
 15 32 0 1 960 
 39 8 0 1 312 
 29 88 0 1 7656 
 38 47 0 1 5358 
 74 59 0 1 4366 
 46 83 0 1 11454 
 37 50 0 1 3700 
 77 30 0 1 2310 
 90 8 0 1 720 
 37 15 0 1 1110 
 76 4 0 1 608 
 8 18 0 1 432 
 31 39 0 1 2418 
 15 22 0 1 330 
 46 99 0 1 9108 
 2 78 0 1 468 
 13 4 0 1 156 
 9 8 0 1 72 
 61 74 0 1 13542 
 35 9 0 1 315 
 95 48 0 1 9120 
 34 81 0 1 2754 
 32 94 0 1 6016 
 20 47 0 1 2820 
 40 6 0 1 480 
 35 48 0 1 5040 
 34 41 0 1 2788 
 96 13 0 1 2496 
 79 99 0 1 7821 
 44 6 0 1 264 
 22 32 0 1 1408 
 4 19 0 1 76 
 11 18 0 1 198 
 87 96 0 1 25056 
 99 74 0 1 14652 
 86 46 0 1 7912 
 44 45 0 1 3960 
 19 93 0 1 3534 
 25 21 0 1 525 
 17 20 0 1 340 
 40 12 0 1 480 
 38 28 0 1 1064 
 14 25 0 1 350 
 91 53 0 1 9646 
 21 21 0 1 882 
 80 2 0 1 160 
 4 29 0 1 116 
 76 13 0 1 2964 
 2 17 0 1 68 
 2 26 0 1 52 
 21 34 0 1 1428 
 99 73 0 1 7227 
 37 38 0 1 1406 
 96 17 0 1 3264 
 32 5 0 1 480 
 18 10 0 1 180 
 6 2 0 1 36 
 50 30 0 1 3000 
 85 17 0 1 1445 
 33 30 0 1 990 
 42 77 0 1 3234 
 46 15 0 1 1380 
 10 3 0 1 30 
 34 8 0 1 272 
 83 32 0 1 5312 
 3 33 0 1 99 
 19 96 0 1 3648 
 49 83 0 1 4067 
 9 36 0 1 324 
 15 43 0 1 1935 
 36 35 0 1 1260 
 78 22 0 1 3432 
 90 8 0 1 720 
 17 39 0 1 663 
 7 20 0 1 140 
 95 11 0 1 3135 
 49 94 0 1 4606 
 8 45 0 1 1080 
 17 5 0 1 255 
 11 19 0 1 209 
 12 26 0 1 624 
 67 70 0 1 4690 
 58 80 0 1 13920 
 92 52 0 1 9568 
 41 35 0 1 2870 
 24 4 0 1 96 
 35 42 0 1 1470 
 8 47 0 1 376 
 20 91 0 1 1820 
 70 98 0 1 6860 
 19 31 0 1 1178 
 12 44 0 1 1056 
 78 10 0 1 780 
 96 10 0 1 1920 
 45 47 0 1 6345 
 40 48 0 1 5760 
 84 14 0 1 1176 
 27 3 0 1 162 
 21 96 0 1 2016 
 5 11 0 1 110 
 31 3 0 1 279 
 16 50 0 1 800 
 62 79 0 1 9796 
 18 97 0 1 5238 
 15 6 0 1 180 
 30 9 0 1 810 
 47 45 0 1 6345 
 27 15 0 1 810 
 84 35 0 1 8820 
 43 7 0 1 301 
 28 100 0 1 5600 
 52 69 0 1 3588 
 44 26 0 1 3432 
 19 78 0 1 4446 
 36 29 0 1 3132 
 10 2 0 1 40 
 74 85 0 1 6290 
 42 48 0 1 6048 
 12 97 0 1 1164 
 45 15 0 1 2025 
 43 93 0 1 7998 
 89 67 0 1 5963 
 48 38 0 1 3648 
 79 71 0 1 16827 
 33 28 0 1 1848 
 7 81 0 1 567 
 55 84 0 1 4620 
 53 100 0 1 10600 
 14 81 0 1 1134 
 16 10 0 1 480 
 29 28 0 1 2436 
 91 8 0 1 1456 
 96 26 0 1 2496 
 7 11 0 1 154 
 49 22 0 1 1078 
 78 84 0 1 19656 
 8 45 0 1 720 
 21 24 0 1 1008 
 82 90 0 1 7380 
 90 29 0 1 2610 
 30 83 0 1 2490 
 30 45 0 1 4050 
 63 82 0 1 15498 
 12 32 0 1 384 
 39 28 0 1 1092 
 32 6 0 1 192 
 84 44 0 1 3696 
 90 100 0 1 9000 
 4 27 0 1 324 
 32 28 0 1 896 
 41 20 0 1 1640 
 28 31 0 1 868 
 9 18 0 1 324 
 5 20 0 1 100 
 80 38 0 1 9120 
 64 93 0 1 11904 
 89 7 0 1 1246 
 37 7 0 1 259 
 97 25 0 1 2425 
 10 41 0 1 410 
 29 12 0 1 696 
 82 10 0 1 2460 
 19 2 0 1 114 
 90 49 0 1 8820 
 6 44 0 1 528 
 87 2 0 1 522 
 84 3 0 1 504 
 14 77 0 1 3234 
 82 19 0 1 1558 
 4 100 0 1 1200 
 2 28 0 1 112 
 93 33 0 1 9207 
 23 28 0 1 644 
 51 81 0 1 4131 
 14 30 0 1 1260 
 39 24 0 1 936 
 2 50 0 1 300 
 9 38 0 1 342 
 29 25 0 1 2175 
 26 4 0 1 312 
 84 49 0 1 4116 
 88 22 0 1 3872 
 13 25 0 1 650 
 7 77 0 1 1078 
 27 43 0 1 3483 
 28 100 0 1 5600 
 97 40 0 1 3880 
 30 42 0 1 3780 
 45 23 0 1 3105 
 18 13 0 1 468 
 23 89 0 1 2047 
 95 92 0 1 17480 
 31 18 0 1 558 
 45 2 0 1 180 
 26 82 0 1 2132 
 52 80 0 1 4160 
 19 32 0 1 1824 
 19 42 0 1 2394 
 41 36 0 1 1476 
 35 31 0 1 1085 
 99 86 0 1 25542 
 69 73 0 1 15111 
 27 19 0 1 1539 
 16 49 0 1 1568 
 38 31 0 1 2356 
 79 32 0 1 2528 
 31 29 0 1 2697 
 95 84 0 1 7980 
 100 20 0 1 2000 
 23 97 0 1 2231 
 24 22 0 1 528 
 67 75 0 1 10050 
 9 91 0 1 1638 
 44 85 0 1 3740 
 87 43 0 1 11223 
 17 88 0 1 2992 
 10 8 0 1 80 
 78 11 0 1 1716 
 44 31 0 1 4092 
 46 31 0 1 1426 
 17 4 0 1 68 
 14 19 0 1 266 
 22 35 0 1 2310 
 92 8 0 1 736 
 23 7 0 1 322 
 49 5 0 1 490 
 24 25 0 1 1200 
 8 40 0 1 640 
 79 76 0 1 6004 
 6 19 0 1 114 
 18 97 0 1 3492 
 99 66 0 1 19602 
 98 58 0 1 11368 
 22 84 0 1 3696 
 77 45 0 1 6930 
 88 55 0 1 4840 
 5 88 0 1 880 
 33 6 0 1 396 
 66 80 0 1 10560 
 34 21 0 1 2142 
 77 23 0 1 5313 
 9 86 0 1 774 
 46 6 0 1 552 
 31 8 0 1 248 
 82 49 0 1 4018 
 93 27 0 1 5022 
 7 32 0 1 672 
 22 81 0 1 3564 
 13 97 0 1 3783 
 61 66 0 1 12078 
 25 7 0 1 350 
 15 43 0 1 1935 
 16 45 0 1 1440 
 96 25 0 1 7200 
 17 17 0 1 578 
 13 3 0 1 117 
 50 84 0 1 12600 
 97 62 0 1 18042 
 77 34 0 1 2618 
 15 93 0 1 4185 
 2 27 0 1 108 
 3 99 0 1 297 
 16 83 0 1 3984 
 30 36 0 1 1080 
 42 86 0 1 10836 
 21 28 0 1 1764 
 34 44 0 1 1496 
 88 40 0 1 7040 
 60 51 0 1 6120 
 42 5 0 1 420 
 84 34 0 1 5712 
 11 14 0 1 462 
 81 40 0 1 6480 
 79 36 0 1 8532 
 86 14 0 1 3612 
 32 33 0 1 2112 
 91 49 0 1 4459 
 15 89 0 1 4005 
 78 47 0 1 3666 
 99 11 0 1 1089 
 48 15 0 1 1440 
 38 12 0 1 456 
 32 3 0 1 192 
 15 31 0 1 465 
 36 8 0 1 288 
 13 28 0 1 728 
 11 29 0 1 957 
 35 8 0 1 560 
 14 15 0 1 630 
 15 9 0 1 405 
 71 52 0 1 7384 
 74 55 0 1 4070 
 86 17 0 1 2924 
 45 16 0 1 720 
 81 81 0 1 6561 
 11 49 0 1 539 
 49 42 0 1 6174 
 57 94 0 1 5358 
 44 93 0 1 12276 
 4 30 0 1 360 
 58 59 0 1 10266 
 48 96 0 1 9216 
 75 53 0 1 11925 
 10 2 0 1 20 
 94 19 0 1 1786 
 41 88 0 1 3608 
 68 88 0 1 5984 
 3 95 0 1 285 
 39 82 0 1 3198 
 34 33 0 1 3366 
 30 38 0 1 3420 
 26 32 0 1 832 
 23 4 0 1 92 
 79 80 0 1 6320 
 34 40 0 1 1360 
 100 40 0 1 4000 
 17 97 0 1 3298 
 41 36 0 1 4428 
 31 91 0 1 2821 
 44 46 0 1 6072 
 10 12 0 1 240 
 89 18 0 1 1602 
 93 98 0 1 9114 
 41 12 0 1 492 
 86 97 0 1 16684 
 90 25 0 1 2250 
 60 56 0 1 3360 
 48 25 0 1 2400 
 43 23 0 1 989 
 21 9 0 1 567 
 90 4 0 1 360 
 47 85 0 1 3995 
 16 22 0 1 1056 
 85 3 0 1 765 
 88 80 0 1 21120 
 88 50 0 1 8800 
 18 100 0 1 1800 
 23 81 0 1 5589 
 83 79 0 1 13114 
 87 28 0 1 7308 
 55 78 0 1 8580 
 31 43 0 1 2666 
 47 26 0 1 3666 
 27 2 0 1 162 
 71 57 0 1 12141 
 48 78 0 1 7488 
 49 21 0 1 1029 
 44 45 0 1 5940 
 94 32 0 1 6016 
 22 90 0 1 3960 
 49 85 0 1 4165 
 40 88 0 1 7040 
 16 78 0 1 1248 
 57 100 0 1 11400 
 49 13 0 1 637 
 60 84 0 1 5040 
 80 20 0 1 1600 
 44 31 0 1 1364 
 99 4 0 1 396 
 17 12 0 1 204 
 23 47 0 1 3243 
 89 16 0 1 1424 
 39 33 0 1 2574 
 40 14 0 1 1120 
 61 70 0 1 8540 
 4 30 0 1 120 
 79 81 0 1 19197 
 43 11 0 1 1419 
 13 40 0 1 520 
 46 81 0 1 11178 
 15 40 0 1 1200 
 14 41 0 1 1148 
 31 22 0 1 2046 
 86 29 0 1 2494 
 100 40 0 1 12000 
 39 49 0 1 5733 
 26 22 0 1 572 
 37 28 0 1 3108 
 14 22 0 1 924 
 16 95 0 1 3040 
 26 99 0 1 5148 
 16 45 0 1 1440 
 45 22 0 1 2970 
 31 35 0 1 1085 
 100 30 0 1 6000 
 47 99 0 1 4653 
 27 7 0 1 567 
 26 12 0 1 624 
 21 83 0 1 1743 
 13 11 0 1 143 
 95 12 0 1 3420 
 30 93 0 1 8370 
 3 100 0 1 900 
 2 38 0 1 228 
 86 95 0 1 16340 
 37 5 0 1 185 
 45 81 0 1 3645 
 87 34 0 1 2958 
 4 89 0 1 356 
 14 30 0 1 840 
 43 33 0 1 4257 
 78 44 0 1 3432 
 82 69 0 1 5658 
 40 30 0 1 1200 
 49 10 0 1 1470 
 18 17 0 1 612 
 41 38 0 1 3116 
 3 44 0 1 132 
 93 12 0 1 3348 
 42 48 0 1 2016 
 6 88 0 1 1056 
 48 19 0 1 1824 
 80 58 0 1 13920 
 19 6 0 1 228 
 3 6 0 1 54 
 49 27 0 1 3969 
 95 23 0 1 4370 
 42 40 0 1 3360 
 24 48 0 1 1152 
 11 47 0 1 1034 
 3 13 0 1 117 
 40 11 0 1 440 
 9 49 0 1 1323 
 25 4 0 1 300 
 47 23 0 1 3243 
 48 34 0 1 4896 
 11 24 0 1 264 
 2 24 0 1 144 
 29 3 0 1 174 
 45 14 0 1 630 
 93 6 0 1 558 
 11 41 0 1 1353 
 33 98 0 1 6468 
 2 13 0 1 52 
 6 49 0 1 882 
 36 31 0 1 1116 
 21 43 0 1 2709 
 48 35 0 1 5040 
 25 14 0 1 350 
 48 97 0 1 13968 
 15 10 0 1 150 
 92 10 0 1 920 
 6 3 0 1 54 
 4 24 0 1 96 
 20 12 0 1 240 
 96 6 0 1 1152 
 6 33 0 1 198 
 96 30 0 1 8640 
 5 16 0 1 80 
 17 39 0 1 663 
 24 11 0 1 264 
 35 46 0 1 1610 
 7 4 0 1 56 
 35 36 0 1 3780 
 47 10 0 1 470 
 9 82 0 1 738 
 5 8 0 1 40 
 78 49 0 1 11466 
 22 16 0 1 1056 
 54 89 0 1 14418 
 90 83 0 1 22410 
 24 81 0 1 3888 
 50 95 0 1 14250 
 76 76 0 1 11552 
 8 9 0 1 72 
 59 69 0 1 8142 
 33 19 0 1 627 
 95 2 0 1 380 
 49 11 0 1 1078 
 46 48 0 1 2208 
 8 50 0 1 800 
 47 23 0 1 3243 
 45 48 0 1 4320 
 2 9 0 1 18 
 12 90 0 1 3240 
 38 19 0 1 722 
 94 17 0 1 3196 
 38 36 0 1 2736 
 8 15 0 1 240 
 32 78 0 1 7488 
 40 20 0 1 1600 
 8 40 0 1 640 
 9 10 0 1 90 
 82 50 0 1 12300 
 76 66 0 1 5016 
 40 82 0 1 9840 
 85 49 0 1 8330 
 2 42 0 1 84 
 46 42 0 1 3864 
 32 5 0 1 320 
 69 74 0 1 15318 
 3 78 0 1 234 
 33 36 0 1 1188 
 93 24 0 1 6696 
 19 36 0 1 684 
 13 2 0 1 78 
 43 45 0 1 5805 
 40 10 0 1 1200 
 33 4 0 1 264 
 76 29 0 1 2204 
 25 17 0 1 425 
 17 15 0 1 510 
 31 16 0 1 1488 
 45 8 0 1 720 
 35 13 0 1 455 
 81 46 0 1 7452 
 64 76 0 1 9728 
 34 39 0 1 2652 
 23 82 0 1 1886 
 9 8 0 1 216 
 9 41 0 1 369 
 29 40 0 1 3480 
 94 37 0 1 3478 
 48 33 0 1 3168 
 8 24 0 1 192 
 27 40 0 1 1080 
 37 3 0 1 222 
 27 33 0 1 2673 
 32 31 0 1 1984 
 13 47 0 1 1222 
 15 7 0 1 210 
 9 45 0 1 810 
 5 3 0 1 45 
 45 18 0 1 810 
 30 99 0 1 8910 
 59 75 0 1 4425 
 29 44 0 1 3828 
 19 5 0 1 285 
 63 64 0 1 4032 
 34 3 0 1 102 
 84 43 0 1 10836 
 44 31 0 1 1364 
 81 82 0 1 19926 
 35 28 0 1 1960 
 31 8 0 1 496 
 55 100 0 1 11000 
 3 14 0 1 42 
 87 22 0 1 5742 
 46 94 0 1 12972 
 41 40 0 1 1640 
 7 13 0 1 91 
 97 83 0 1 24153 
 20 40 0 1 2400 
 100 76 0 1 22800 
 2 48 0 1 192 
 22 10 0 1 660 
 77 74 0 1 17094 
 14 88 0 1 2464 
 8 19 0 1 456 
 9 33 0 1 297 
 94 11 0 1 2068 
 89 30 0 1 5340 
 20 95 0 1 5700 
 22 3 0 1 132 
 2 95 0 1 380 
 30 42 0 1 3780 
 36 9 0 1 648 
 19 15 0 1 285 
 28 30 0 1 1680 
 82 40 0 1 6560 
 20 32 0 1 1280 
 3 45 0 1 270 
 45 35 0 1 1575 
 74 52 0 1 3848 
 24 4 0 1 192 
 87 36 0 1 3132 
 10 49 0 1 980 
 19 21 0 1 399 
 28 5 0 1 420 
 43 8 0 1 344 
 21 33 0 1 2079 
 22 20 0 1 880 
 52 78 0 1 12168 
 27 24 0 1 1944 
 26 91 0 1 4732 
 7 10 0 1 70 
 12 83 0 1 2988 
 51 74 0 1 7548 
 31 12 0 1 1116 
 25 33 0 1 2475 
 49 5 0 1 245 
 32 21 0 1 1344 
 17 94 0 1 4794 
 27 39 0 1 2106 
 84 88 0 1 22176 
 74 90 0 1 6660 
 89 47 0 1 12549 
 24 44 0 1 2112 
 24 20 0 1 960 
 21 14 0 1 588 
 32 12 0 1 1152 
 75 54 0 1 12150 
 13 45 0 1 1755 
 37 35 0 1 1295 
 78 72 0 1 11232 
 9 49 0 1 882 
 10 23 0 1 690 
 43 22 0 1 946 
 27 6 0 1 324 
 100 55 0 1 5500 
 40 39 0 1 3120 
 17 12 0 1 204 
 6 15 0 1 180 
 95 7 0 1 1995 
 84 19 0 1 1596 
 99 5 0 1 990 
 7 93 0 1 1302 
 79 21 0 1 3318 
 17 15 0 1 765 
 40 36 0 1 4320 
 25 88 0 1 4400 
 40 86 0 1 10320 
 40 12 0 1 1440 
 81 12 0 1 2916 
 32 78 0 1 2496 
 7 27 0 1 567 
 94 44 0 1 8272 
 50 19 0 1 1900 
 20 95 0 1 5700 
 46 22 0 1 2024 
 25 8 0 1 400 
 60 68 0 1 8160 
 7 7 0 1 147 
 26 82 0 1 6396 
 88 49 0 1 8624 
 11 48 0 1 1584 
 4 94 0 1 752 
 85 4 0 1 1020 
 32 29 0 1 2784 
 86 47 0 1 12126 
 38 26 0 1 988 
 27 81 0 1 4374 
 37 33 0 1 3663 
 47 5 0 1 235 
 14 47 0 1 1974 
 47 22 0 1 3102 
 16 95 0 1 1520 
 2 91 0 1 364 
 12 42 0 1 1008 
 48 98 0 1 9408 
 39 94 0 1 10998 
 42 77 0 1 6468 
 27 50 0 1 4050 
 48 49 0 1 7056 
 6 88 0 1 1584 
 52 59 0 1 6136 
 63 96 0 1 12096 
 84 39 0 1 9828 
 76 20 0 1 1520 
 89 89 0 1 23763 
 2 15 0 1 30 
 86 3 0 1 516 
 21 26 0 1 546 
 87 5 0 1 435 
 77 39 0 1 3003 
 82 83 0 1 13612 
 85 39 0 1 3315 
 19 33 0 1 627 
 88 45 0 1 7920 
 50 10 0 1 1500 
 35 31 0 1 3255 
 7 37 0 1 777 
 8 40 0 1 320 
 10 47 0 1 1410 
 44 5 0 1 220 
 8 49 0 1 1176 
 42 11 0 1 462 
 80 10 0 1 2400 
 46 15 0 1 690 
 19 10 0 1 570 
 44 20 0 1 880 
 67 96 0 1 12864 
 23 31 0 1 2139 
 97 99 0 1 28809 
 38 44 0 1 1672 
 17 12 0 1 612 
 39 84 0 1 9828 
 28 11 0 1 308 
 46 42 0 1 5796 
 19 50 0 1 1900 
 64 76 0 1 4864 
 79 27 0 1 4266 
 82 43 0 1 3526 
 77 89 0 1 20559 
 35 37 0 1 2590 
 28 80 0 1 2240 
 27 40 0 1 3240 
 18 26 0 1 936 
 37 41 0 1 1517 
 79 14 0 1 2212 
 34 40 0 1 2720 
 92 40 0 1 3680 
 42 95 0 1 3990 
 40 13 0 1 520 
 94 14 0 1 1316 
 65 86 0 1 11180 
 46 24 0 1 2208 
 17 28 0 1 1428 
 48 26 0 1 3744 
 4 33 0 1 396 
 21 10 0 1 630 
 78 66 0 1 5148 
 31 45 0 1 2790 
 89 27 0 1 4806 
 30 16 0 1 1440 
 38 96 0 1 7296 
 11 45 0 1 495 
 18 26 0 1 936 
 14 91 0 1 1274 
 23 32 0 1 1472 
 25 24 0 1 1800 
 42 10 0 1 1260 
 89 100 0 1 26700 
 6 39 0 1 702 
 100 76 0 1 22800 
 26 80 0 1 6240 
 32 98 0 1 9408 
 94 79 0 1 7426 
 91 10 0 1 2730 
 14 81 0 1 3402 
 30 21 0 1 1260 
 50 33 0 1 3300 
 86 6 0 1 1032 
 10 30 0 1 300 
 15 13 0 1 585 
 24 77 0 1 5544 
 82 47 0 1 3854 
 48 31 0 1 2976 
 14 99 0 1 4158 
 9 8 0 1 216 
 2 15 0 1 30 
 20 32 0 1 640 
 50 37 0 1 1850 
 80 18 0 1 1440 
 75 65 0 1 4875 
 84 29 0 1 2436 
 94 6 0 1 1128 
 99 46 0 1 4554 
 20 17 0 1 1020 
 15 28 0 1 1260 
 27 34 0 1 1836 
 42 23 0 1 966 
 81 45 0 1 10935 
 98 64 0 1 18816 
 7 90 0 1 630 
 23 16 0 1 368 
 29 50 0 1 4350 
 25 10 0 1 500 
 7 34 0 1 476 
 40 27 0 1 2160 
 12 45 0 1 1620 
 49 38 0 1 3724 
 2 25 0 1 50 
 73 51 0 1 11169 
 30 26 0 1 780 
 8 32 0 1 768 
 15 47 0 1 2115 
 24 84 0 1 6048 
 40 9 0 1 360 
 77 72 0 1 11088 
 8 86 0 1 2064 
 48 17 0 1 2448 
 27 39 0 1 1053 
 29 47 0 1 1363 
 25 6 0 1 150 
 19 37 0 1 703 
 20 23 0 1 1380 
 77 13 0 1 2002 
 36 44 0 1 4752 
 44 14 0 1 1848 
 47 9 0 1 423 
 38 43 0 1 1634 
 35 82 0 1 2870 
 82 81 0 1 6642 
 32 40 0 1 1280 
 19 85 0 1 1615 
 35 23 0 1 805 
 4 25 0 1 300 
 94 27 0 1 5076 
 46 39 0 1 3588 
 4 44 0 1 352 
 4 96 0 1 384 
 7 37 0 1 518 
 16 30 0 1 480 
 12 89 0 1 1068 
 61 74 0 1 9028 
 71 70 0 1 14910 
 78 51 0 1 7956 
 28 34 0 1 2856 
 90 9 0 1 1620 
 98 15 0 1 2940 
 13 35 0 1 910 
 58 86 0 1 14964 
 83 63 0 1 10458 
 42 33 0 1 2772 
 10 41 0 1 1230 
 30 28 0 1 1680 
 90 18 0 1 3240 
 96 97 0 1 27936 
 38 24 0 1 912 
 70 57 0 1 11970 
 64 100 0 1 19200 
 9 49 0 1 441 
 67 76 0 1 5092 
 92 65 0 1 11960 
 12 12 0 1 144 
 21 6 0 1 252 
 11 31 0 1 341 
 93 28 0 1 5208 
 30 36 0 1 1080 
 43 3 0 1 387 
 96 3 0 1 288 
 22 35 0 1 2310 
 29 11 0 1 638 
 81 49 0 1 3969 
 30 26 0 1 780 
 12 99 0 1 3564 
 21 89 0 1 1869 
 26 35 0 1 2730 
 28 47 0 1 3948 
 75 82 0 1 18450 
 46 15 0 1 690 
 45 34 0 1 3060 
 41 83 0 1 10209 
 4 40 0 1 480 
 50 30 0 1 3000 
 69 97 0 1 20079 
 11 85 0 1 935 
 48 77 0 1 11088 
 2 6 0 1 24 
 69 63 0 1 4347 
 91 49 0 1 4459 
 24 24 0 1 1152 
 20 80 0 1 1600 
 78 69 0 1 16146 
 83 14 0 1 2324 
 75 89 0 1 13350 
 60 78 0 1 4680 
 90 75 0 1 20250 
 6 27 0 1 324 
 99 27 0 1 8019 
 22 26 0 1 1716 
 82 6 0 1 1476 
 40 31 0 1 2480 
 78 45 0 1 7020 
 29 37 0 1 2146 
 11 46 0 1 506 
 40 43 0 1 1720 
 6 84 0 1 1008 
 57 74 0 1 4218 
 97 3 0 1 873 
 19 99 0 1 5643 
 3 45 0 1 405 
 29 76 0 1 2204 
 6 86 0 1 1548 
 19 19 0 1 361 
 2 50 0 1 200 
 24 36 0 1 2592 
 36 50 0 1 5400 
 42 50 0 1 2100 
 8 13 0 1 104 
 32 81 0 1 7776 
 4 50 0 1 400 
 57 65 0 1 7410 
 88 66 0 1 17424 
 10 4 0 1 120 
 8 10 0 1 80 
 40 36 0 1 4320 
 25 78 0 1 3900 
 34 3 0 1 102 
 37 7 0 1 777 
 18 48 0 1 1728 
 98 14 0 1 4116 
 59 89 0 1 10502 
 9 37 0 1 666 
 72 54 0 1 3888 
 4 50 0 1 200 
 30 45 0 1 1350 
 12 46 0 1 1656 
 50 25 0 1 2500 
 24 26 0 1 1872 
 35 84 0 1 8820 
 10 6 0 1 60 
 63 51 0 1 9639 
 12 36 0 1 864 
 49 47 0 1 6909 
 72 53 0 1 7632 
 38 97 0 1 11058 
 100 87 0 1 17400 
 31 87 0 1 8091 
 51 63 0 1 3213 
 82 27 0 1 2214 
 7 20 0 1 140 
 69 70 0 1 14490 
 45 90 0 1 8100 
 45 19 0 1 855 
 78 25 0 1 3900 
 39 78 0 1 3042 
 23 46 0 1 2116 
 6 80 0 1 960 
 59 90 0 1 10620 
 3 43 0 1 258 
 40 50 0 1 4000 
 68 62 0 1 12648 
 27 77 0 1 2079 
 21 81 0 1 1701 
 44 47 0 1 6204 
 35 17 0 1 1190 
 31 32 0 1 1984 
 42 32 0 1 2688 
 36 50 0 1 1800 
 10 79 0 1 790 
 87 49 0 1 8526 
 21 91 0 1 3822 
 10 7 0 1 70 
 49 46 0 1 2254 
 24 22 0 1 528 
 57 89 0 1 5073 
 25 17 0 1 850 
 89 84 0 1 22428 
 23 49 0 1 3381 
 8 94 0 1 752 
 86 42 0 1 7224 
 19 7 0 1 266 
 90 18 0 1 4860 
 6 15 0 1 270 
 24 40 0 1 1920 
 97 45 0 1 13095 
 27 45 0 1 2430 
 8 44 0 1 704 
