 40
 100 100 
 50 81 0 4 4050 
 29 12 0 4 348 
 18 50 0 4 2700 
 93 97 0 4 27063 
 41 25 0 4 1025 
 28 24 0 4 1344 
 28 29 0 4 1624 
 79 26 0 4 6162 
 87 50 0 4 8700 
 90 6 0 4 1080 
 26 4 0 4 312 
 4 48 0 4 576 
 93 79 0 4 22041 
 63 92 0 4 17388 
 36 94 0 4 3384 
 38 39 0 4 1482 
 30 80 0 4 2400 
 23 12 0 4 828 
 30 34 0 4 2040 
 37 40 0 4 1480 
 13 34 0 4 1326 
 100 47 0 4 14100 
 95 62 0 4 5890 
 57 52 0 4 5928 
 7 31 0 4 651 
 13 41 0 4 1599 
 79 44 0 4 10428 
 94 21 0 4 5922 
 37 12 0 4 444 
 86 18 0 4 4644 
 79 30 0 4 4740 
 33 2 0 4 198 
 17 39 0 4 1989 
 38 35 0 4 2660 
 27 27 0 4 729 
 35 93 0 4 6510 
 51 88 0 4 4488 
 19 25 0 4 475 
 17 34 0 4 578 
 30 10 0 4 300 
