 100
 100 100 
 8 14 0 3 112 
 42 31 0 3 1302 
 47 38 0 3 1786 
 33 8 0 3 264 
 85 41 0 3 10455 
 74 63 0 3 4662 
 35 25 0 3 1750 
 40 91 0 3 10920 
 89 93 0 3 24831 
 41 86 0 3 7052 
 90 3 0 3 540 
 61 79 0 3 4819 
 88 50 0 3 4400 
 42 35 0 3 2940 
 44 6 0 3 264 
 77 29 0 3 6699 
 93 9 0 3 837 
 8 16 0 3 256 
 45 25 0 3 1125 
 34 24 0 3 1632 
 41 85 0 3 6970 
 50 40 0 3 4000 
 38 85 0 3 9690 
 39 49 0 3 1911 
 31 42 0 3 3906 
 83 12 0 3 996 
 89 14 0 3 2492 
 72 75 0 3 10800 
 17 94 0 3 1598 
 50 7 0 3 350 
 6 24 0 3 288 
 16 100 0 3 1600 
 80 35 0 3 5600 
 10 46 0 3 1380 
 43 4 0 3 344 
 32 48 0 3 1536 
 84 65 0 3 10920 
 49 76 0 3 11172 
 72 64 0 3 4608 
 85 12 0 3 3060 
 6 45 0 3 270 
 81 100 0 3 8100 
 91 31 0 3 8463 
 40 100 0 3 4000 
 63 73 0 3 9198 
 28 5 0 3 280 
 15 82 0 3 3690 
 87 47 0 3 4089 
 20 91 0 3 1820 
 42 22 0 3 1848 
 48 82 0 3 3936 
 27 25 0 3 2025 
 18 44 0 3 1584 
 23 77 0 3 3542 
 60 77 0 3 13860 
 70 73 0 3 15330 
 18 79 0 3 4266 
 93 10 0 3 1860 
 21 16 0 3 672 
 83 15 0 3 1245 
 69 71 0 3 4899 
 19 98 0 3 5586 
 36 29 0 3 1044 
 76 5 0 3 760 
 42 23 0 3 966 
 50 6 0 3 300 
 36 28 0 3 1008 
 8 17 0 3 408 
 28 98 0 3 5488 
 37 6 0 3 666 
 95 46 0 3 8740 
 72 77 0 3 5544 
 6 79 0 3 474 
 80 45 0 3 3600 
 50 79 0 3 3950 
 6 32 0 3 192 
 41 19 0 3 779 
 30 9 0 3 810 
 4 77 0 3 924 
 18 91 0 3 1638 
 41 33 0 3 2706 
 33 9 0 3 297 
 76 38 0 3 2888 
 58 85 0 3 4930 
 50 27 0 3 1350 
 10 40 0 3 400 
 22 4 0 3 264 
 36 6 0 3 216 
 18 30 0 3 1620 
 76 9 0 3 2052 
 77 44 0 3 6776 
 29 38 0 3 2204 
 74 87 0 3 12876 
 2 14 0 3 84 
 31 3 0 3 186 
 2 13 0 3 52 
 15 5 0 3 75 
 37 11 0 3 814 
 7 4 0 3 28 
 40 42 0 3 1680 
