 50 
 250 250 
 139 103 0 1 14317 
 166 99 0 1 16434 
 88 74 0 1 6512 
 174 139 0 1 24186 
 128 109 0 1 13952 
 175 179 0 1 31325 
 62 82 0 1 5084 
 178 87 0 1 15486 
 121 77 0 1 9317 
 125 97 0 1 12125 
 73 84 0 1 6132 
 69 97 0 1 6693 
 122 159 0 1 19398 
 66 69 0 1 4554 
 111 118 0 1 13098 
 165 86 0 1 14190 
 71 83 0 1 5893 
 163 162 0 1 26406 
 67 132 0 1 8844 
 121 152 0 1 18392 
 68 150 0 1 10200 
 138 124 0 1 17112 
 141 105 0 1 14805 
 183 122 0 1 22326 
 171 63 0 1 10773 
 101 64 0 1 6464 
 103 95 0 1 9785 
 110 107 0 1 11770 
 184 158 0 1 29072 
 85 97 0 1 8245 
 86 92 0 1 7912 
 127 155 0 1 19685 
 92 147 0 1 13524 
 106 97 0 1 10282 
 177 108 0 1 19116 
 164 150 0 1 24600 
 68 84 0 1 5712 
 62 151 0 1 9362 
 123 134 0 1 16482 
 158 178 0 1 28124 
 70 140 0 1 9800 
 173 117 0 1 20241 
 147 136 0 1 19992 
 141 145 0 1 20445 
 84 164 0 1 13776 
 144 141 0 1 20304 
 92 103 0 1 9476 
 156 98 0 1 15288 
 160 111 0 1 17760 
 127 131 0 1 16637 
