 50
 100 100 
 95 34 0 3 3230 
 12 43 0 3 1548 
 78 48 0 3 7488 
 3 6 0 3 36 
 16 93 0 3 1488 
 3 14 0 3 126 
 49 5 0 3 490 
 15 5 0 3 75 
 100 80 0 3 8000 
 98 82 0 3 8036 
 13 27 0 3 702 
 98 15 0 3 2940 
 31 83 0 3 7719 
 6 44 0 3 792 
 8 16 0 3 128 
 20 15 0 3 900 
 84 10 0 3 1680 
 18 49 0 3 1764 
 22 43 0 3 1892 
 42 3 0 3 126 
 42 30 0 3 2520 
 10 97 0 3 970 
 11 8 0 3 88 
 12 47 0 3 1692 
 34 80 0 3 8160 
 23 21 0 3 966 
 3 50 0 3 450 
 16 84 0 3 2688 
 86 32 0 3 2752 
 21 13 0 3 819 
 4 79 0 3 632 
 41 43 0 3 5289 
 9 27 0 3 486 
 23 41 0 3 943 
 45 33 0 3 2970 
 51 51 0 3 2601 
 80 82 0 3 13120 
 95 43 0 3 8170 
 81 40 0 3 3240 
 3 15 0 3 45 
 24 29 0 3 1392 
 25 42 0 3 2100 
 80 74 0 3 17760 
 12 33 0 3 792 
 98 11 0 3 1078 
 12 26 0 3 312 
 18 15 0 3 810 
 41 12 0 3 984 
 4 3 0 3 36 
 15 10 0 3 150 
