 40
 100 100 
 23 23 0 3 529 
 32 7 0 3 224 
 49 47 0 3 6909 
 83 23 0 3 1909 
 23 47 0 3 3243 
 77 96 0 3 14784 
 4 41 0 3 492 
 46 33 0 3 3036 
 27 32 0 3 864 
 79 21 0 3 3318 
 38 26 0 3 988 
 92 26 0 3 7176 
 6 39 0 3 468 
 84 55 0 3 4620 
 24 7 0 3 504 
 18 50 0 3 2700 
 98 63 0 3 6174 
 33 25 0 3 825 
 50 48 0 3 7200 
 87 15 0 3 2610 
 70 65 0 3 4550 
 79 64 0 3 15168 
 40 42 0 3 3360 
 21 17 0 3 714 
 35 24 0 3 840 
 2 100 0 3 400 
 2 46 0 3 184 
 21 33 0 3 1386 
 10 10 0 3 100 
 3 29 0 3 174 
 20 19 0 3 380 
 37 5 0 3 555 
 30 37 0 3 1110 
 88 32 0 3 8448 
 40 9 0 3 720 
 40 45 0 3 1800 
 11 44 0 3 968 
 87 26 0 3 4524 
 12 31 0 3 372 
 37 8 0 3 592 
