 40
 100 100 
 9 83 0 1 747 
 26 17 0 1 1326 
 11 33 0 1 363 
 47 80 0 1 3760 
 92 45 0 1 4140 
 77 42 0 1 3234 
 11 2 0 1 66 
 94 20 0 1 3760 
 10 7 0 1 210 
 50 84 0 1 8400 
 36 39 0 1 1404 
 28 50 0 1 4200 
 44 23 0 1 2024 
 5 90 0 1 1350 
 3 100 0 1 900 
 51 71 0 1 3621 
 17 91 0 1 4641 
 53 76 0 1 8056 
 11 87 0 1 2871 
 88 7 0 1 1848 
 4 24 0 1 96 
 16 6 0 1 288 
 84 35 0 1 5880 
 42 22 0 1 2772 
 81 77 0 1 18711 
 91 90 0 1 8190 
 32 76 0 1 7296 
 97 47 0 1 9118 
 90 70 0 1 6300 
 97 88 0 1 8536 
 27 49 0 1 2646 
 76 64 0 1 4864 
 58 89 0 1 15486 
 82 24 0 1 3936 
 98 99 0 1 9702 
 46 76 0 1 6992 
 8 90 0 1 720 
 24 41 0 1 2952 
 48 35 0 1 3360 
 98 78 0 1 22932 
