 500
 100 100 
 21 35 0 4 735 
 38 17 0 4 646 
 33 83 0 4 5478 
 26 18 0 4 936 
 33 45 0 4 4455 
 12 3 0 4 108 
 38 40 0 4 3040 
 15 45 0 4 675 
 48 5 0 4 480 
 85 48 0 4 4080 
 5 15 0 4 75 
 41 33 0 4 2706 
 7 3 0 4 63 
 79 48 0 4 11376 
 87 31 0 4 5394 
 26 23 0 4 1196 
 10 36 0 4 1080 
 60 91 0 4 16380 
 39 28 0 4 3276 
 89 33 0 4 2937 
 45 12 0 4 540 
 22 9 0 4 396 
 99 11 0 4 2178 
 87 79 0 4 13746 
 2 4 0 4 16 
 45 11 0 4 1485 
 22 4 0 4 264 
 20 2 0 4 80 
 24 46 0 4 2208 
 70 82 0 4 17220 
 27 31 0 4 2511 
 48 15 0 4 1440 
 26 95 0 4 4940 
 85 78 0 4 13260 
 32 88 0 4 2816 
 43 93 0 4 7998 
 25 39 0 4 975 
 11 19 0 4 627 
 42 14 0 4 1764 
 98 26 0 4 7644 
 28 50 0 4 4200 
 32 12 0 4 1152 
 39 13 0 4 507 
 28 49 0 4 1372 
 14 10 0 4 280 
 31 94 0 4 8742 
 38 17 0 4 1292 
 68 87 0 4 5916 
 24 85 0 4 4080 
 92 17 0 4 4692 
 48 36 0 4 5184 
 54 94 0 4 10152 
 22 43 0 4 1892 
 21 14 0 4 294 
 45 10 0 4 1350 
 60 78 0 4 9360 
 9 100 0 4 900 
 94 38 0 4 7144 
 38 18 0 4 684 
 45 5 0 4 450 
 97 77 0 4 7469 
 6 35 0 4 210 
 31 41 0 4 1271 
 98 47 0 4 13818 
 65 80 0 4 15600 
 45 25 0 4 2250 
 44 77 0 4 3388 
 50 11 0 4 1650 
 30 38 0 4 1140 
 8 24 0 4 384 
 50 2 0 4 300 
 6 9 0 4 54 
 40 21 0 4 840 
 99 40 0 4 7920 
 23 77 0 4 5313 
 6 30 0 4 180 
 32 28 0 4 1792 
 45 11 0 4 495 
 9 38 0 4 342 
 67 81 0 4 16281 
 22 39 0 4 858 
 33 41 0 4 1353 
 19 48 0 4 912 
 28 9 0 4 504 
 22 34 0 4 1496 
 90 20 0 4 3600 
 15 13 0 4 195 
 33 37 0 4 1221 
 89 33 0 4 8811 
 52 59 0 4 6136 
 11 86 0 4 1892 
 78 12 0 4 936 
 18 30 0 4 540 
 33 21 0 4 693 
 33 41 0 4 1353 
 2 5 0 4 10 
 36 37 0 4 2664 
 22 15 0 4 660 
 46 83 0 4 3818 
 6 49 0 4 588 
 34 37 0 4 1258 
 19 41 0 4 2337 
 19 25 0 4 950 
 10 22 0 4 440 
 46 96 0 4 4416 
 11 86 0 4 946 
 100 27 0 4 5400 
 14 18 0 4 756 
 31 6 0 4 372 
 99 97 0 4 19206 
 11 28 0 4 924 
 48 33 0 4 3168 
 91 66 0 4 6006 
 16 42 0 4 2016 
 15 28 0 4 1260 
 98 45 0 4 13230 
 47 20 0 4 1880 
 29 48 0 4 4176 
 31 13 0 4 1209 
 3 37 0 4 111 
 27 25 0 4 675 
 25 40 0 4 2000 
 20 47 0 4 940 
 21 4 0 4 84 
 44 36 0 4 1584 
 46 42 0 4 5796 
 50 7 0 4 1050 
 42 2 0 4 84 
 29 29 0 4 2523 
 50 9 0 4 450 
 44 39 0 4 5148 
 37 82 0 4 6068 
 27 5 0 4 135 
 45 86 0 4 3870 
 77 20 0 4 1540 
 76 98 0 4 7448 
 21 10 0 4 210 
 38 16 0 4 608 
 7 16 0 4 112 
 48 31 0 4 4464 
 16 15 0 4 240 
 4 26 0 4 312 
 93 24 0 4 6696 
 4 8 0 4 96 
 36 30 0 4 1080 
 3 39 0 4 117 
 79 42 0 4 6636 
 20 16 0 4 960 
 85 26 0 4 6630 
 91 18 0 4 1638 
 17 22 0 4 748 
 43 6 0 4 774 
 29 41 0 4 2378 
 29 33 0 4 1914 
 61 58 0 4 10614 
 50 29 0 4 2900 
 5 44 0 4 660 
 6 49 0 4 588 
 46 81 0 4 7452 
 12 12 0 4 288 
 17 23 0 4 1173 
 12 11 0 4 396 
 40 20 0 4 800 
 86 91 0 4 23478 
 34 21 0 4 1428 
 13 30 0 4 1170 
 40 32 0 4 1280 
 30 24 0 4 2160 
 7 3 0 4 42 
 36 45 0 4 3240 
 19 82 0 4 4674 
 29 88 0 4 7656 
 15 32 0 4 960 
 10 4 0 4 80 
 48 2 0 4 192 
 27 5 0 4 270 
 20 27 0 4 1620 
 86 36 0 4 9288 
 79 56 0 4 4424 
 27 8 0 4 648 
 24 21 0 4 1008 
 41 13 0 4 1066 
 55 89 0 4 14685 
 45 45 0 4 2025 
 10 24 0 4 720 
 23 20 0 4 460 
 48 29 0 4 1392 
 12 31 0 4 1116 
 27 5 0 4 270 
 25 34 0 4 2550 
 28 11 0 4 308 
 90 30 0 4 2700 
 34 12 0 4 1224 
 21 12 0 4 504 
 80 14 0 4 1120 
 15 36 0 4 1620 
 86 73 0 4 6278 
 39 43 0 4 3354 
 44 12 0 4 1584 
 65 85 0 4 16575 
 22 47 0 4 3102 
 11 9 0 4 99 
 4 11 0 4 88 
 28 49 0 4 4116 
 34 19 0 4 646 
 45 19 0 4 1710 
 4 14 0 4 168 
 46 21 0 4 2898 
 41 34 0 4 2788 
 79 50 0 4 3950 
 12 25 0 4 600 
 4 94 0 4 376 
 44 3 0 4 264 
 77 29 0 4 2233 
 96 17 0 4 3264 
 22 5 0 4 330 
 7 9 0 4 189 
 47 95 0 4 4465 
 17 41 0 4 2091 
 3 16 0 4 96 
 48 89 0 4 12816 
 44 86 0 4 11352 
 30 96 0 4 8640 
 45 48 0 4 2160 
 97 27 0 4 5238 
 81 28 0 4 2268 
 23 45 0 4 3105 
 25 18 0 4 900 
 14 36 0 4 504 
 40 95 0 4 7600 
 20 34 0 4 2040 
 43 22 0 4 946 
 21 76 0 4 4788 
 69 67 0 4 4623 
 2 49 0 4 294 
 16 100 0 4 4800 
 75 82 0 4 18450 
 49 4 0 4 392 
 97 4 0 4 776 
 42 35 0 4 2940 
 83 17 0 4 4233 
 23 86 0 4 3956 
 29 42 0 4 2436 
 77 97 0 4 22407 
 10 36 0 4 720 
 68 95 0 4 12920 
 23 3 0 4 207 
 17 28 0 4 952 
 73 55 0 4 4015 
 17 6 0 4 102 
 29 13 0 4 1131 
 30 40 0 4 2400 
 7 16 0 4 112 
 98 29 0 4 5684 
 91 67 0 4 12194 
 23 12 0 4 276 
 39 42 0 4 1638 
 14 2 0 4 84 
 30 7 0 4 630 
 96 99 0 4 19008 
 3 7 0 4 63 
 15 100 0 4 4500 
 19 38 0 4 1444 
 13 9 0 4 234 
 89 45 0 4 8010 
 43 15 0 4 1290 
 87 38 0 4 9918 
 41 22 0 4 902 
 23 30 0 4 690 
 4 26 0 4 208 
 19 17 0 4 646 
 48 35 0 4 1680 
 23 47 0 4 1081 
 14 33 0 4 462 
 36 22 0 4 792 
 57 61 0 4 10431 
 33 22 0 4 1452 
 28 11 0 4 924 
 11 40 0 4 880 
 12 16 0 4 192 
 34 49 0 4 4998 
 13 3 0 4 39 
 33 87 0 4 2871 
 48 41 0 4 1968 
 43 30 0 4 1290 
 42 36 0 4 1512 
 77 10 0 4 2310 
 14 41 0 4 574 
 78 36 0 4 5616 
 41 3 0 4 369 
 33 30 0 4 1980 
 9 3 0 4 54 
 65 58 0 4 7540 
 6 29 0 4 348 
 35 78 0 4 8190 
 18 43 0 4 774 
 9 2 0 4 54 
 42 35 0 4 4410 
 34 8 0 4 544 
 13 4 0 4 52 
 25 18 0 4 1350 
 40 84 0 4 6720 
 4 24 0 4 192 
 91 85 0 4 15470 
 74 98 0 4 21756 
 48 95 0 4 13680 
 28 98 0 4 8232 
 18 28 0 4 1512 
 3 22 0 4 66 
 35 9 0 4 630 
 61 96 0 4 17568 
 18 17 0 4 918 
 95 61 0 4 5795 
 35 77 0 4 2695 
 27 43 0 4 1161 
 25 91 0 4 4550 
 36 15 0 4 1080 
 27 43 0 4 1161 
 39 39 0 4 1521 
 87 53 0 4 4611 
 5 34 0 4 170 
 21 3 0 4 189 
 80 46 0 4 3680 
 34 16 0 4 1088 
 11 98 0 4 1078 
 23 25 0 4 1150 
 41 7 0 4 574 
 7 44 0 4 616 
 49 3 0 4 294 
 30 28 0 4 1680 
 35 43 0 4 4515 
 66 55 0 4 10890 
 3 35 0 4 105 
 9 7 0 4 189 
 26 96 0 4 2496 
 49 97 0 4 14259 
 29 33 0 4 2871 
 24 7 0 4 336 
 6 77 0 4 1386 
 29 40 0 4 3480 
 41 20 0 4 1640 
 30 36 0 4 1080 
 29 35 0 4 3045 
 31 100 0 4 3100 
 16 3 0 4 144 
 47 25 0 4 2350 
 38 50 0 4 5700 
 11 43 0 4 1419 
 44 29 0 4 1276 
 25 87 0 4 6525 
 24 36 0 4 2592 
 41 81 0 4 3321 
 31 6 0 4 558 
 20 81 0 4 3240 
 38 36 0 4 4104 
 83 71 0 4 5893 
 19 19 0 4 722 
 25 32 0 4 800 
 14 77 0 4 2156 
 24 27 0 4 648 
 100 3 0 4 300 
 58 90 0 4 15660 
 6 79 0 4 1422 
 63 53 0 4 6678 
 30 90 0 4 5400 
 96 77 0 4 14784 
 9 79 0 4 711 
 20 35 0 4 700 
 23 8 0 4 368 
 9 34 0 4 612 
 92 29 0 4 2668 
 25 33 0 4 2475 
 39 26 0 4 1014 
 17 36 0 4 1224 
 39 14 0 4 1092 
 37 5 0 4 370 
 21 33 0 4 693 
 34 17 0 4 578 
 36 98 0 4 3528 
 15 3 0 4 135 
 43 20 0 4 860 
 2 10 0 4 60 
 89 43 0 4 7654 
 33 25 0 4 1650 
 15 86 0 4 1290 
 2 86 0 4 344 
 2 15 0 4 90 
 2 12 0 4 72 
 7 42 0 4 294 
 49 12 0 4 1176 
 30 38 0 4 3420 
 49 22 0 4 1078 
 85 12 0 4 3060 
 22 4 0 4 264 
 17 27 0 4 1377 
 5 26 0 4 130 
 36 37 0 4 1332 
 23 20 0 4 460 
 88 53 0 4 9328 
 39 35 0 4 2730 
 50 11 0 4 550 
 15 23 0 4 690 
 2 100 0 4 600 
 46 30 0 4 1380 
 49 2 0 4 294 
 16 20 0 4 960 
 46 13 0 4 598 
 26 99 0 4 5148 
 20 7 0 4 420 
 76 99 0 4 15048 
 49 48 0 4 2352 
 18 42 0 4 756 
 38 22 0 4 2508 
 85 85 0 4 7225 
 15 89 0 4 1335 
 34 9 0 4 306 
 21 93 0 4 5859 
 56 82 0 4 9184 
 17 78 0 4 2652 
 18 100 0 4 1800 
 55 71 0 4 11715 
 18 31 0 4 1674 
 50 11 0 4 1100 
 7 37 0 4 259 
 6 43 0 4 516 
 81 43 0 4 3483 
 33 13 0 4 858 
 50 47 0 4 7050 
 13 49 0 4 1911 
 17 2 0 4 34 
 16 36 0 4 1728 
 26 79 0 4 6162 
 50 18 0 4 900 
 80 5 0 4 1200 
 25 24 0 4 600 
 50 45 0 4 6750 
 82 3 0 4 738 
 3 13 0 4 117 
 41 35 0 4 2870 
 42 32 0 4 4032 
 79 71 0 4 16827 
 100 86 0 4 25800 
 7 27 0 4 567 
 32 3 0 4 96 
 32 6 0 4 576 
 27 41 0 4 2214 
 15 36 0 4 1080 
 21 81 0 4 5103 
 29 99 0 4 8613 
 11 6 0 4 198 
 43 44 0 4 3784 
 32 23 0 4 1472 
 17 17 0 4 867 
 22 6 0 4 132 
 29 15 0 4 435 
 98 35 0 4 3430 
 66 84 0 4 5544 
 32 30 0 4 960 
 48 27 0 4 1296 
 87 30 0 4 5220 
 35 32 0 4 2240 
 74 100 0 4 22200 
 29 4 0 4 116 
 39 77 0 4 9009 
 41 42 0 4 1722 
 31 42 0 4 1302 
 12 49 0 4 1176 
 11 5 0 4 165 
 7 29 0 4 406 
 50 44 0 4 2200 
 73 79 0 4 17301 
 37 36 0 4 1332 
 25 9 0 4 225 
 13 47 0 4 1833 
 19 24 0 4 912 
 72 62 0 4 4464 
 27 31 0 4 837 
 4 94 0 4 752 
 80 54 0 4 4320 
 33 32 0 4 1056 
 43 7 0 4 602 
 22 3 0 4 198 
 16 48 0 4 2304 
 22 47 0 4 2068 
 2 79 0 4 316 
 96 93 0 4 8928 
 69 79 0 4 10902 
 93 80 0 4 7440 
 28 41 0 4 2296 
 57 84 0 4 9576 
 6 27 0 4 486 
 48 90 0 4 12960 
 41 45 0 4 5535 
 30 94 0 4 5640 
 16 27 0 4 1296 
 47 2 0 4 94 
 36 33 0 4 3564 
 16 43 0 4 688 
 37 14 0 4 518 
 44 31 0 4 4092 
