 500
 100 100 
 42 16 0 4 1344 
 30 37 0 4 2220 
 3 94 0 4 564 
 4 33 0 4 264 
 35 33 0 4 1155 
 21 14 0 4 294 
 10 27 0 4 810 
 42 15 0 4 1890 
 40 36 0 4 1440 
 31 81 0 4 7533 
 7 11 0 4 77 
 35 46 0 4 4830 
 17 28 0 4 476 
 8 96 0 4 2304 
 11 16 0 4 352 
 11 33 0 4 363 
 83 23 0 4 3818 
 5 33 0 4 330 
 11 45 0 4 1485 
 25 93 0 4 4650 
 26 90 0 4 2340 
 11 97 0 4 1067 
 89 94 0 4 16732 
 20 25 0 4 1000 
 5 13 0 4 65 
 32 3 0 4 288 
 29 23 0 4 1334 
 25 23 0 4 1725 
 30 12 0 4 1080 
 41 19 0 4 2337 
 10 16 0 4 480 
 67 98 0 4 6566 
 6 4 0 4 72 
 44 35 0 4 4620 
 29 16 0 4 1392 
 32 39 0 4 2496 
 93 19 0 4 5301 
 33 4 0 4 132 
 48 14 0 4 672 
 43 48 0 4 6192 
 55 65 0 4 10725 
 38 34 0 4 2584 
 5 28 0 4 420 
 22 2 0 4 132 
 46 24 0 4 1104 
 5 11 0 4 165 
 93 11 0 4 1023 
 41 9 0 4 369 
 21 4 0 4 168 
 84 93 0 4 15624 
 93 14 0 4 2604 
 15 26 0 4 390 
 36 81 0 4 8748 
 21 50 0 4 3150 
 25 17 0 4 1275 
 93 37 0 4 10323 
 79 4 0 4 948 
 87 35 0 4 6090 
 84 13 0 4 3276 
 21 50 0 4 1050 
 34 14 0 4 476 
 33 40 0 4 3960 
 10 37 0 4 370 
 50 16 0 4 1600 
 93 8 0 4 2232 
 47 86 0 4 4042 
 35 94 0 4 6580 
 16 38 0 4 1216 
 35 39 0 4 1365 
 23 8 0 4 368 
 42 41 0 4 5166 
 45 25 0 4 3375 
 76 18 0 4 4104 
 4 9 0 4 72 
 49 96 0 4 9408 
 40 18 0 4 1440 
 35 41 0 4 1435 
 96 53 0 4 5088 
 81 6 0 4 486 
 28 30 0 4 2520 
 35 8 0 4 280 
 87 90 0 4 23490 
 63 95 0 4 5985 
 45 92 0 4 12420 
 43 6 0 4 774 
 84 83 0 4 13944 
 92 22 0 4 4048 
 35 18 0 4 1260 
 14 20 0 4 560 
 26 85 0 4 4420 
 24 49 0 4 3528 
 29 36 0 4 1044 
 20 45 0 4 2700 
 41 42 0 4 3444 
 7 35 0 4 735 
 4 10 0 4 80 
 96 50 0 4 14400 
 35 90 0 4 9450 
 48 8 0 4 384 
 9 15 0 4 405 
 29 19 0 4 551 
 37 20 0 4 740 
 97 32 0 4 3104 
 90 9 0 4 1620 
 7 33 0 4 693 
 5 22 0 4 220 
 5 14 0 4 210 
 44 40 0 4 3520 
 42 14 0 4 588 
 9 20 0 4 180 
 17 50 0 4 850 
 12 45 0 4 1080 
 10 24 0 4 480 
 14 47 0 4 1974 
 38 45 0 4 5130 
 59 96 0 4 11328 
 35 40 0 4 1400 
 91 12 0 4 2184 
 41 33 0 4 4059 
 93 7 0 4 1953 
 21 78 0 4 3276 
 41 10 0 4 1230 
 25 9 0 4 225 
 91 9 0 4 2457 
 15 28 0 4 840 
 31 80 0 4 2480 
 19 86 0 4 4902 
 18 16 0 4 576 
 92 95 0 4 26220 
 20 9 0 4 180 
 49 26 0 4 2548 
 93 15 0 4 1395 
 7 5 0 4 105 
 14 24 0 4 672 
 21 32 0 4 672 
 32 4 0 4 256 
 28 22 0 4 616 
 3 5 0 4 45 
 31 99 0 4 9207 
 7 43 0 4 903 
 96 28 0 4 2688 
 3 77 0 4 231 
 34 23 0 4 2346 
 21 80 0 4 3360 
 93 92 0 4 17112 
 85 93 0 4 23715 
 21 28 0 4 588 
 21 22 0 4 924 
 28 44 0 4 2464 
 13 17 0 4 442 
 22 7 0 4 154 
 18 7 0 4 126 
 17 26 0 4 884 
 49 6 0 4 294 
 49 2 0 4 196 
 30 2 0 4 180 
 34 46 0 4 4692 
 92 16 0 4 2944 
 58 59 0 4 10266 
 83 31 0 4 5146 
 37 48 0 4 3552 
 19 26 0 4 988 
 33 47 0 4 4653 
 79 32 0 4 7584 
 34 47 0 4 3196 
 20 48 0 4 960 
 85 17 0 4 2890 
 5 23 0 4 115 
 37 87 0 4 3219 
 11 35 0 4 770 
 19 49 0 4 1862 
 21 45 0 4 945 
 4 50 0 4 400 
 4 10 0 4 40 
 21 92 0 4 1932 
 3 36 0 4 108 
 4 96 0 4 768 
 25 17 0 4 850 
 26 81 0 4 4212 
 21 47 0 4 987 
 54 77 0 4 4158 
 31 39 0 4 2418 
 26 38 0 4 988 
 92 81 0 4 22356 
 56 98 0 4 5488 
 34 82 0 4 2788 
 50 8 0 4 1200 
 4 47 0 4 376 
 5 40 0 4 600 
 38 18 0 4 2052 
 22 10 0 4 440 
 31 19 0 4 1178 
 32 11 0 4 1056 
 44 23 0 4 2024 
 89 13 0 4 2314 
 22 5 0 4 220 
 33 26 0 4 858 
 15 45 0 4 675 
 26 15 0 4 780 
 17 19 0 4 969 
 76 26 0 4 3952 
 77 43 0 4 3311 
 87 43 0 4 7482 
 39 21 0 4 819 
 19 10 0 4 190 
 36 22 0 4 792 
 88 16 0 4 4224 
 3 36 0 4 324 
 9 44 0 4 396 
 45 41 0 4 3690 
 2 84 0 4 504 
 99 42 0 4 12474 
 31 34 0 4 2108 
 12 80 0 4 960 
 30 34 0 4 2040 
 41 42 0 4 3444 
 7 2 0 4 14 
 9 40 0 4 1080 
 51 74 0 4 3774 
 25 32 0 4 2400 
 16 26 0 4 416 
 38 80 0 4 3040 
 9 47 0 4 423 
 35 44 0 4 1540 
 29 29 0 4 841 
 13 43 0 4 1677 
 97 63 0 4 18333 
 10 8 0 4 240 
 45 15 0 4 1350 
 94 58 0 4 16356 
 14 34 0 4 1428 
 97 70 0 4 6790 
 44 11 0 4 968 
 42 79 0 4 9954 
 27 20 0 4 1620 
 14 85 0 4 2380 
 24 83 0 4 1992 
 22 33 0 4 2178 
 90 69 0 4 6210 
 33 44 0 4 4356 
 73 87 0 4 19053 
 19 16 0 4 608 
 20 33 0 4 1980 
 45 50 0 4 4500 
 83 54 0 4 4482 
 22 26 0 4 572 
 28 46 0 4 3864 
 49 24 0 4 1176 
 26 84 0 4 2184 
 41 32 0 4 1312 
 39 18 0 4 1404 
 43 22 0 4 1892 
 75 79 0 4 17775 
 39 26 0 4 3042 
 18 2 0 4 72 
 30 41 0 4 3690 
 27 6 0 4 324 
 16 10 0 4 160 
 59 85 0 4 10030 
 53 51 0 4 2703 
 46 11 0 4 1518 
 91 62 0 4 5642 
 16 77 0 4 2464 
 78 6 0 4 468 
 19 3 0 4 57 
 10 7 0 4 70 
 75 96 0 4 7200 
 33 25 0 4 825 
 29 99 0 4 2871 
 35 11 0 4 1155 
 34 39 0 4 2652 
 36 6 0 4 648 
 79 15 0 4 3555 
 98 31 0 4 9114 
 80 14 0 4 1120 
 25 9 0 4 675 
 23 17 0 4 782 
 20 11 0 4 440 
 18 31 0 4 1674 
 27 38 0 4 3078 
 46 95 0 4 13110 
 44 15 0 4 1320 
 11 29 0 4 957 
 84 22 0 4 1848 
 8 28 0 4 672 
 41 14 0 4 1148 
 82 38 0 4 3116 
 12 93 0 4 2232 
 26 13 0 4 676 
 92 27 0 4 2484 
 78 30 0 4 4680 
 34 40 0 4 1360 
 64 85 0 4 10880 
 31 84 0 4 2604 
 8 29 0 4 696 
 25 39 0 4 975 
 40 16 0 4 1280 
 24 10 0 4 240 
 44 41 0 4 1804 
 93 43 0 4 11997 
 45 44 0 4 5940 
 41 37 0 4 4551 
 41 44 0 4 5412 
 51 100 0 4 10200 
 10 33 0 4 990 
 27 21 0 4 1134 
 27 28 0 4 2268 
 16 44 0 4 2112 
 76 6 0 4 1368 
 10 46 0 4 460 
 27 3 0 4 243 
 13 17 0 4 442 
 9 7 0 4 63 
 48 44 0 4 6336 
 66 74 0 4 9768 
 19 18 0 4 342 
 17 19 0 4 646 
 85 10 0 4 2550 
 29 44 0 4 2552 
 9 35 0 4 945 
 21 12 0 4 252 
 17 34 0 4 1156 
 89 12 0 4 1068 
 95 88 0 4 8360 
 3 27 0 4 243 
 18 8 0 4 288 
 3 27 0 4 81 
 37 6 0 4 444 
 6 78 0 4 936 
 47 41 0 4 3854 
 19 37 0 4 1406 
 45 48 0 4 2160 
 60 100 0 4 18000 
 41 13 0 4 1066 
 19 12 0 4 456 
 44 81 0 4 3564 
 46 29 0 4 1334 
 78 75 0 4 5850 
 41 6 0 4 246 
 43 44 0 4 1892 
 14 10 0 4 420 
 26 47 0 4 2444 
 94 34 0 4 3196 
 30 45 0 4 2700 
 2 85 0 4 340 
 11 38 0 4 836 
 34 86 0 4 8772 
 98 28 0 4 5488 
 6 15 0 4 180 
 69 56 0 4 11592 
 10 35 0 4 1050 
 31 40 0 4 1240 
 6 23 0 4 276 
 88 37 0 4 3256 
 7 48 0 4 336 
 43 10 0 4 1290 
 100 41 0 4 12300 
 21 23 0 4 966 
 13 45 0 4 1170 
 56 71 0 4 3976 
 30 32 0 4 1920 
 33 3 0 4 99 
 35 31 0 4 3255 
 27 33 0 4 891 
 29 46 0 4 2668 
 89 34 0 4 3026 
 96 29 0 4 5568 
 8 43 0 4 688 
 46 17 0 4 1564 
 32 36 0 4 1152 
 47 49 0 4 4606 
 29 6 0 4 348 
 15 46 0 4 690 
 7 40 0 4 280 
 80 9 0 4 720 
 87 17 0 4 2958 
 11 9 0 4 297 
 20 14 0 4 280 
 67 96 0 4 12864 
 33 100 0 4 9900 
 63 64 0 4 8064 
 93 70 0 4 19530 
 5 76 0 4 1140 
 31 40 0 4 1240 
 24 24 0 4 1728 
 42 15 0 4 630 
 90 20 0 4 5400 
 18 15 0 4 270 
 17 14 0 4 238 
 13 21 0 4 819 
 38 29 0 4 1102 
 32 6 0 4 576 
 33 35 0 4 2310 
 34 19 0 4 1292 
 9 35 0 4 315 
 67 82 0 4 10988 
 19 20 0 4 760 
 32 5 0 4 320 
 27 45 0 4 2430 
 15 26 0 4 390 
 42 79 0 4 6636 
 25 31 0 4 1550 
 98 53 0 4 5194 
 19 23 0 4 874 
 33 41 0 4 2706 
 32 20 0 4 640 
 23 44 0 4 3036 
 27 32 0 4 1728 
 45 29 0 4 3915 
 19 88 0 4 5016 
 41 99 0 4 12177 
 44 25 0 4 2200 
 91 26 0 4 2366 
 12 49 0 4 588 
 94 9 0 4 2538 
 50 92 0 4 9200 
 21 42 0 4 882 
 32 98 0 4 3136 
 49 42 0 4 6174 
 88 90 0 4 15840 
 16 27 0 4 432 
 37 19 0 4 703 
 79 36 0 4 8532 
 20 40 0 4 1600 
 27 10 0 4 270 
 94 100 0 4 9400 
 11 38 0 4 836 
 25 88 0 4 4400 
 89 30 0 4 8010 
 29 13 0 4 754 
 29 15 0 4 435 
 6 15 0 4 90 
 26 13 0 4 338 
 10 28 0 4 840 
 41 90 0 4 3690 
 50 10 0 4 500 
 39 36 0 4 1404 
 27 29 0 4 783 
 100 65 0 4 19500 
 96 26 0 4 4992 
 77 69 0 4 10626 
 38 25 0 4 950 
 14 18 0 4 252 
 26 43 0 4 2236 
 54 72 0 4 7776 
 16 22 0 4 704 
 91 38 0 4 6916 
 86 43 0 4 3698 
 9 14 0 4 126 
 61 64 0 4 7808 
 44 14 0 4 616 
 25 5 0 4 250 
 36 10 0 4 360 
 32 20 0 4 640 
 39 17 0 4 663 
 98 4 0 4 1176 
 29 85 0 4 4930 
 8 2 0 4 48 
 84 64 0 4 10752 
 31 50 0 4 4650 
 36 18 0 4 1944 
 27 35 0 4 1890 
 32 25 0 4 800 
 29 32 0 4 1856 
 12 29 0 4 348 
 39 2 0 4 78 
 21 16 0 4 336 
 11 31 0 4 682 
 36 44 0 4 3168 
 58 91 0 4 5278 
 47 90 0 4 4230 
 22 18 0 4 396 
 95 2 0 4 570 
 35 9 0 4 630 
 16 21 0 4 1008 
 33 50 0 4 1650 
 26 44 0 4 1144 
 13 36 0 4 468 
 22 14 0 4 924 
 29 42 0 4 3654 
 33 45 0 4 2970 
 45 94 0 4 12690 
 55 62 0 4 10230 
 52 54 0 4 2808 
 98 48 0 4 9408 
 32 32 0 4 1024 
 39 76 0 4 5928 
 79 45 0 4 7110 
 76 3 0 4 684 
 77 31 0 4 7161 
 49 24 0 4 3528 
 42 88 0 4 7392 
 13 41 0 4 533 
 4 28 0 4 336 
 88 43 0 4 3784 
 37 79 0 4 8769 
 45 32 0 4 4320 
 43 36 0 4 3096 
 38 17 0 4 646 
 16 11 0 4 528 
