 500
 100 100 
 31 12 0 4 1116 
 30 33 0 4 1980 
 4 6 0 4 72 
 80 42 0 4 6720 
 49 30 0 4 1470 
 48 30 0 4 2880 
 35 91 0 4 9555 
 48 99 0 4 4752 
 82 11 0 4 1804 
 29 10 0 4 870 
 33 20 0 4 1980 
 31 48 0 4 4464 
 23 50 0 4 2300 
 3 30 0 4 90 
 16 23 0 4 1104 
 5 45 0 4 225 
 17 37 0 4 629 
 99 18 0 4 5346 
 49 42 0 4 6174 
 92 14 0 4 3864 
 47 87 0 4 12267 
 15 21 0 4 315 
 4 11 0 4 88 
 69 53 0 4 3657 
 10 22 0 4 440 
 28 22 0 4 1232 
 29 27 0 4 783 
 39 92 0 4 10764 
 7 92 0 4 1288 
 70 97 0 4 20370 
 4 92 0 4 1104 
 86 17 0 4 1462 
 9 92 0 4 2484 
 16 34 0 4 1088 
 77 58 0 4 8932 
 6 83 0 4 996 
 20 81 0 4 3240 
 44 43 0 4 5676 
 43 39 0 4 5031 
 7 35 0 4 490 
 88 79 0 4 13904 
 3 83 0 4 249 
 90 69 0 4 6210 
 86 19 0 4 1634 
 46 49 0 4 4508 
 88 61 0 4 5368 
 40 31 0 4 3720 
 86 27 0 4 2322 
 53 95 0 4 15105 
 24 9 0 4 216 
 48 48 0 4 6912 
 28 7 0 4 588 
 9 36 0 4 324 
 85 6 0 4 1530 
 17 45 0 4 2295 
 26 99 0 4 7722 
 38 83 0 4 6308 
 26 24 0 4 1872 
 18 25 0 4 1350 
 4 40 0 4 160 
 79 50 0 4 3950 
 3 4 0 4 36 
 17 92 0 4 3128 
 27 33 0 4 2673 
 38 24 0 4 912 
 24 48 0 4 2304 
 48 16 0 4 2304 
 4 9 0 4 72 
 87 40 0 4 10440 
 50 40 0 4 2000 
 98 31 0 4 9114 
 66 62 0 4 4092 
 10 28 0 4 280 
 5 76 0 4 1140 
 6 90 0 4 540 
 24 32 0 4 2304 
 35 82 0 4 2870 
 31 45 0 4 4185 
 24 79 0 4 3792 
 89 11 0 4 1958 
 32 32 0 4 2048 
 54 77 0 4 12474 
 14 24 0 4 1008 
 32 5 0 4 320 
 92 41 0 4 7544 
 5 45 0 4 225 
 49 3 0 4 147 
 30 10 0 4 900 
 24 50 0 4 2400 
 37 87 0 4 6438 
 38 5 0 4 380 
 50 42 0 4 2100 
 87 4 0 4 696 
 84 50 0 4 8400 
 16 14 0 4 672 
 84 19 0 4 3192 
 61 66 0 4 8052 
 50 45 0 4 2250 
 17 36 0 4 612 
 4 32 0 4 384 
 17 10 0 4 170 
 12 15 0 4 360 
 96 11 0 4 3168 
 52 68 0 4 10608 
 14 84 0 4 3528 
 73 86 0 4 12556 
 71 94 0 4 6674 
 16 31 0 4 1488 
 53 53 0 4 2809 
 92 87 0 4 24012 
 44 31 0 4 1364 
 66 58 0 4 11484 
 76 72 0 4 16416 
 23 90 0 4 2070 
 5 22 0 4 220 
 25 20 0 4 1000 
 12 42 0 4 504 
 26 91 0 4 7098 
 35 14 0 4 1470 
 77 33 0 4 2541 
 18 25 0 4 450 
 50 46 0 4 6900 
 4 19 0 4 152 
 77 92 0 4 21252 
 3 28 0 4 84 
 3 17 0 4 102 
 38 6 0 4 456 
 46 89 0 4 12282 
 44 30 0 4 1320 
 14 40 0 4 560 
 27 92 0 4 7452 
 19 15 0 4 285 
 8 80 0 4 1920 
 11 34 0 4 748 
 23 12 0 4 276 
 52 89 0 4 13884 
 84 33 0 4 8316 
 31 95 0 4 8835 
 33 14 0 4 924 
 47 14 0 4 1316 
 39 36 0 4 1404 
 14 15 0 4 420 
 97 31 0 4 3007 
 30 13 0 4 1170 
 50 43 0 4 6450 
 97 49 0 4 9506 
 85 93 0 4 23715 
 33 7 0 4 693 
 21 48 0 4 3024 
 44 50 0 4 6600 
 87 82 0 4 7134 
 92 87 0 4 16008 
 49 29 0 4 2842 
 34 12 0 4 408 
 25 32 0 4 800 
 53 77 0 4 4081 
 100 46 0 4 9200 
 49 14 0 4 1372 
 23 78 0 4 5382 
 20 98 0 4 3920 
 99 79 0 4 23463 
 65 98 0 4 6370 
 4 41 0 4 492 
 22 36 0 4 2376 
 13 50 0 4 650 
 64 83 0 4 5312 
 49 90 0 4 8820 
 37 82 0 4 6068 
 11 25 0 4 275 
 55 66 0 4 3630 
 30 26 0 4 1560 
 41 10 0 4 820 
 8 45 0 4 1080 
 47 46 0 4 2162 
 16 29 0 4 928 
 98 47 0 4 9212 
 24 23 0 4 552 
 96 4 0 4 768 
 9 5 0 4 90 
 16 9 0 4 144 
 2 15 0 4 60 
 83 63 0 4 5229 
 89 21 0 4 3738 
 79 30 0 4 4740 
 31 92 0 4 8556 
 18 18 0 4 648 
 34 16 0 4 1088 
 84 68 0 4 17136 
 16 40 0 4 1280 
 20 6 0 4 120 
 24 10 0 4 480 
 88 6 0 4 528 
 81 8 0 4 1944 
 31 38 0 4 3534 
 97 50 0 4 14550 
 79 67 0 4 10586 
 86 50 0 4 4300 
 22 46 0 4 3036 
 42 92 0 4 11592 
 10 77 0 4 1540 
 48 89 0 4 8544 
 78 17 0 4 3978 
 50 35 0 4 5250 
 24 5 0 4 360 
 78 93 0 4 14508 
 37 78 0 4 2886 
 46 5 0 4 460 
 29 36 0 4 3132 
 25 38 0 4 1900 
 42 38 0 4 3192 
 68 65 0 4 13260 
 75 72 0 4 5400 
 49 22 0 4 3234 
 41 42 0 4 5166 
 24 10 0 4 240 
 28 88 0 4 4928 
 62 51 0 4 9486 
 10 46 0 4 1380 
 55 91 0 4 5005 
 77 37 0 4 8547 
 33 30 0 4 1980 
 55 59 0 4 3245 
 39 49 0 4 1911 
 50 34 0 4 3400 
 15 35 0 4 525 
 17 83 0 4 4233 
 96 34 0 4 9792 
 19 38 0 4 722 
 83 90 0 4 22410 
 27 17 0 4 918 
 11 19 0 4 627 
 4 47 0 4 188 
 34 50 0 4 3400 
 22 33 0 4 1452 
 19 26 0 4 1482 
 20 23 0 4 1380 
 31 48 0 4 2976 
 23 16 0 4 1104 
 24 44 0 4 1056 
 36 81 0 4 8748 
 50 15 0 4 1500 
 48 8 0 4 768 
 35 28 0 4 980 
 49 21 0 4 2058 
 100 2 0 4 600 
 31 43 0 4 2666 
 28 81 0 4 2268 
 55 90 0 4 4950 
 79 24 0 4 5688 
 83 5 0 4 1245 
 5 82 0 4 820 
 40 7 0 4 560 
 11 82 0 4 902 
 42 3 0 4 252 
 17 16 0 4 816 
 44 28 0 4 1232 
 34 48 0 4 3264 
 14 91 0 4 3822 
 12 49 0 4 1764 
 79 8 0 4 1896 
 8 10 0 4 240 
 9 38 0 4 1026 
 21 10 0 4 630 
 5 22 0 4 220 
 49 26 0 4 3822 
 80 60 0 4 14400 
 76 30 0 4 4560 
 14 23 0 4 966 
 93 9 0 4 2511 
 24 9 0 4 216 
 3 10 0 4 60 
 94 19 0 4 3572 
 17 10 0 4 340 
 87 9 0 4 1566 
 5 20 0 4 300 
 46 38 0 4 5244 
 9 40 0 4 1080 
 19 36 0 4 1368 
 56 62 0 4 6944 
 17 16 0 4 544 
 7 25 0 4 175 
 41 11 0 4 451 
 39 34 0 4 2652 
 48 34 0 4 3264 
 31 16 0 4 992 
 31 49 0 4 1519 
 7 18 0 4 252 
 25 100 0 4 7500 
 25 90 0 4 4500 
 31 8 0 4 248 
 30 15 0 4 450 
 47 28 0 4 2632 
 98 20 0 4 1960 
 14 30 0 4 840 
 21 80 0 4 3360 
 24 10 0 4 240 
 87 37 0 4 3219 
 76 19 0 4 2888 
 70 78 0 4 5460 
 61 66 0 4 4026 
 59 70 0 4 12390 
 98 12 0 4 1176 
 48 3 0 4 288 
 34 8 0 4 816 
 4 7 0 4 84 
 50 27 0 4 1350 
 27 96 0 4 5184 
 23 89 0 4 2047 
 50 32 0 4 3200 
 79 20 0 4 1580 
 97 35 0 4 3395 
 2 36 0 4 72 
 24 87 0 4 6264 
 9 27 0 4 243 
 7 82 0 4 1722 
 87 9 0 4 2349 
 11 36 0 4 1188 
 89 42 0 4 11214 
 16 17 0 4 816 
 31 11 0 4 1023 
 93 20 0 4 3720 
 49 82 0 4 4018 
 81 19 0 4 1539 
 4 3 0 4 12 
 4 100 0 4 400 
 19 45 0 4 1710 
 37 22 0 4 2442 
 60 77 0 4 4620 
 44 12 0 4 1584 
 14 7 0 4 98 
 10 27 0 4 540 
 38 44 0 4 3344 
 10 6 0 4 120 
 18 35 0 4 1260 
 46 15 0 4 1380 
 31 76 0 4 4712 
 9 21 0 4 189 
 26 85 0 4 4420 
 50 36 0 4 3600 
 87 100 0 4 26100 
 49 16 0 4 784 
 36 81 0 4 8748 
 33 50 0 4 1650 
 46 47 0 4 6486 
 12 45 0 4 1080 
 17 35 0 4 595 
 33 38 0 4 3762 
 11 98 0 4 3234 
 79 12 0 4 948 
 48 100 0 4 14400 
 16 11 0 4 528 
 85 38 0 4 9690 
 50 41 0 4 4100 
 49 98 0 4 9604 
 19 95 0 4 5415 
 16 98 0 4 1568 
 21 94 0 4 1974 
 20 96 0 4 1920 
 28 21 0 4 588 
 13 23 0 4 299 
 15 92 0 4 4140 
 22 44 0 4 1936 
 78 99 0 4 7722 
 87 85 0 4 7395 
 8 25 0 4 600 
 50 22 0 4 3300 
 12 50 0 4 600 
 100 19 0 4 3800 
 43 99 0 4 8514 
 90 32 0 4 8640 
 5 43 0 4 430 
 10 91 0 4 2730 
 47 96 0 4 9024 
 42 20 0 4 2520 
 18 46 0 4 828 
 44 8 0 4 352 
 83 51 0 4 12699 
 13 78 0 4 1014 
 21 37 0 4 777 
 31 22 0 4 1364 
 6 38 0 4 456 
 98 2 0 4 196 
 80 38 0 4 3040 
 47 36 0 4 1692 
 94 5 0 4 940 
 22 16 0 4 352 
 44 38 0 4 5016 
 35 94 0 4 6580 
 33 44 0 4 4356 
 39 6 0 4 702 
 55 98 0 4 5390 
 9 81 0 4 1458 
 46 97 0 4 13386 
 37 46 0 4 5106 
 35 81 0 4 8505 
 5 8 0 4 80 
 44 23 0 4 1012 
 9 7 0 4 189 
 96 93 0 4 26784 
 94 23 0 4 4324 
 49 5 0 4 245 
 9 35 0 4 315 
 6 82 0 4 492 
 98 6 0 4 1764 
 4 21 0 4 84 
 86 12 0 4 2064 
 86 40 0 4 6880 
 92 26 0 4 2392 
 22 18 0 4 792 
 34 93 0 4 6324 
 26 49 0 4 3822 
 25 13 0 4 650 
 45 81 0 4 10935 
 38 5 0 4 570 
 33 43 0 4 2838 
 46 20 0 4 2760 
 80 19 0 4 4560 
 28 83 0 4 2324 
 50 26 0 4 2600 
 31 20 0 4 1240 
 15 29 0 4 870 
 76 14 0 4 2128 
 41 47 0 4 1927 
 30 18 0 4 1620 
 88 46 0 4 12144 
 62 100 0 4 12400 
 77 5 0 4 1155 
 46 32 0 4 1472 
 9 38 0 4 1026 
 67 57 0 4 3819 
 39 77 0 4 6006 
 18 17 0 4 918 
 5 19 0 4 95 
 17 94 0 4 3196 
 6 43 0 4 258 
 10 18 0 4 540 
 35 22 0 4 2310 
 92 48 0 4 8832 
 36 42 0 4 1512 
 99 27 0 4 2673 
 23 17 0 4 391 
 21 24 0 4 1008 
 96 47 0 4 4512 
 47 91 0 4 8554 
 17 27 0 4 459 
 89 4 0 4 356 
 86 37 0 4 9546 
 78 10 0 4 780 
 31 8 0 4 744 
 22 24 0 4 1584 
 29 5 0 4 145 
 17 47 0 4 799 
 2 21 0 4 42 
 47 34 0 4 3196 
 89 34 0 4 6052 
 10 85 0 4 850 
 35 12 0 4 420 
 15 37 0 4 1665 
 13 25 0 4 325 
 13 45 0 4 1170 
 2 47 0 4 94 
 36 29 0 4 1044 
 79 6 0 4 948 
 70 55 0 4 3850 
 19 34 0 4 1938 
 16 48 0 4 1536 
 81 91 0 4 7371 
 3 10 0 4 30 
 32 10 0 4 960 
 10 14 0 4 280 
 3 97 0 4 291 
 21 27 0 4 1134 
 5 25 0 4 375 
 40 31 0 4 2480 
 87 38 0 4 9918 
 65 84 0 4 10920 
 95 77 0 4 7315 
 17 31 0 4 1581 
 34 47 0 4 1598 
 30 24 0 4 2160 
 48 49 0 4 7056 
 20 50 0 4 3000 
 58 87 0 4 15138 
 17 48 0 4 1632 
 20 2 0 4 80 
 13 50 0 4 1950 
 12 91 0 4 3276 
 27 33 0 4 2673 
 3 100 0 4 600 
 80 28 0 4 2240 
 47 29 0 4 1363 
 28 44 0 4 1232 
 72 51 0 4 3672 
 16 88 0 4 2816 
 100 39 0 4 7800 
 38 25 0 4 2850 
 40 91 0 4 3640 
 33 83 0 4 2739 
 36 31 0 4 1116 
 82 19 0 4 4674 
