 50
 100 100 
 82 65 0 3 10660 
 23 28 0 3 644 
 41 10 0 3 1230 
 87 4 0 3 1044 
 31 3 0 3 279 
 92 8 0 3 2208 
 18 80 0 3 1440 
 20 89 0 3 5340 
 65 55 0 3 10725 
 97 27 0 3 7857 
 19 84 0 3 1596 
 20 100 0 3 4000 
 98 5 0 3 980 
 6 24 0 3 144 
 7 31 0 3 217 
 7 10 0 3 70 
 24 22 0 3 1056 
 3 79 0 3 474 
 30 46 0 3 1380 
 42 85 0 3 3570 
 2 91 0 3 182 
 77 91 0 3 14014 
 8 100 0 3 1600 
 45 96 0 3 12960 
 98 38 0 3 7448 
 87 18 0 3 4698 
 21 10 0 3 420 
 74 57 0 3 12654 
 29 43 0 3 1247 
 87 45 0 3 11745 
 90 60 0 3 16200 
 78 2 0 3 312 
 11 77 0 3 1694 
 43 93 0 3 3999 
 46 9 0 3 1242 
 41 6 0 3 492 
 10 11 0 3 220 
 17 8 0 3 136 
 25 77 0 3 1925 
 86 15 0 3 2580 
 19 77 0 3 4389 
 11 12 0 3 132 
 31 80 0 3 2480 
 60 57 0 3 10260 
 3 45 0 3 270 
 15 16 0 3 480 
 35 43 0 3 1505 
 27 85 0 3 2295 
 43 17 0 3 731 
 30 10 0 3 600 
