 40
 100 100 
 40 47 0 1 1880 
 79 79 0 1 12482 
 18 94 0 1 1692 
 17 20 0 1 1020 
 28 82 0 1 6888 
 34 39 0 1 3978 
 68 97 0 1 19788 
 96 95 0 1 18240 
 4 16 0 1 64 
 53 86 0 1 13674 
 45 25 0 1 1125 
 95 9 0 1 2565 
 100 64 0 1 19200 
 13 23 0 1 598 
 9 42 0 1 756 
 8 81 0 1 648 
 94 59 0 1 11092 
 72 62 0 1 4464 
 66 82 0 1 16236 
 5 28 0 1 140 
 7 91 0 1 1274 
 36 5 0 1 360 
 30 91 0 1 2730 
 53 62 0 1 6572 
 64 65 0 1 12480 
 31 32 0 1 992 
 57 86 0 1 14706 
 92 96 0 1 8832 
 25 49 0 1 1225 
 45 7 0 1 945 
 79 83 0 1 13114 
 12 39 0 1 936 
 40 26 0 1 1040 
 91 94 0 1 25662 
 25 77 0 1 3850 
 93 60 0 1 11160 
 64 83 0 1 15936 
 40 83 0 1 9960 
 53 86 0 1 9116 
 88 32 0 1 8448 
