 50
 100 100 
 79 37 0 3 5846 
 39 90 0 3 7020 
 99 13 0 3 3861 
 97 10 0 3 1940 
 60 99 0 3 17820 
 43 50 0 3 6450 
 18 83 0 3 2988 
 95 25 0 3 7125 
 98 12 0 3 1176 
 14 30 0 3 420 
 98 5 0 3 980 
 99 30 0 3 8910 
 38 40 0 3 1520 
 35 82 0 3 8610 
 25 6 0 3 450 
 14 97 0 3 1358 
 44 82 0 3 3608 
 37 8 0 3 888 
 2 88 0 3 528 
 89 71 0 3 12638 
 27 19 0 3 1539 
 35 50 0 3 5250 
 5 38 0 3 380 
 10 23 0 3 690 
 74 76 0 3 5624 
 55 96 0 3 10560 
 82 27 0 3 4428 
 34 94 0 3 6392 
 39 42 0 3 1638 
 35 28 0 3 2940 
 90 30 0 3 8100 
 43 44 0 3 5676 
 28 2 0 3 168 
 93 10 0 3 930 
 94 15 0 3 2820 
 61 75 0 3 13725 
 28 39 0 3 2184 
 43 25 0 3 2150 
 21 94 0 3 3948 
 99 26 0 3 7722 
 32 9 0 3 576 
 79 23 0 3 3634 
 96 2 0 3 384 
 27 94 0 3 2538 
 85 14 0 3 3570 
 26 84 0 3 6552 
 4 39 0 3 156 
 47 95 0 3 13395 
 88 9 0 3 792 
 56 92 0 3 5152 
