 50
 100 100 
 50 28 0 3 1400 
 32 48 0 3 4608 
 52 66 0 3 6864 
 47 18 0 3 846 
 15 6 0 3 180 
 9 38 0 3 684 
 91 85 0 3 15470 
 85 20 0 3 1700 
 76 65 0 3 9880 
 90 82 0 3 7380 
 77 67 0 3 10318 
 87 59 0 3 5133 
 30 29 0 3 870 
 20 10 0 3 200 
 40 45 0 3 1800 
 47 90 0 3 12690 
 97 9 0 3 873 
 45 2 0 3 270 
 81 94 0 3 15228 
 57 74 0 3 4218 
 84 56 0 3 4704 
 11 8 0 3 264 
 62 85 0 3 15810 
 45 8 0 3 360 
 2 8 0 3 16 
 45 78 0 3 3510 
 83 95 0 3 7885 
 32 89 0 3 5696 
 61 90 0 3 16470 
 84 41 0 3 3444 
 13 11 0 3 143 
 81 26 0 3 2106 
 92 9 0 3 2484 
 80 19 0 3 1520 
 38 95 0 3 3610 
 54 57 0 3 3078 
 19 7 0 3 133 
 76 33 0 3 5016 
 90 6 0 3 540 
 21 86 0 3 1806 
 32 89 0 3 2848 
 30 31 0 3 1860 
 45 47 0 3 6345 
 78 17 0 3 3978 
 31 25 0 3 775 
 4 24 0 3 192 
 23 24 0 3 552 
 23 95 0 3 6555 
 92 53 0 3 9752 
 34 28 0 3 2856 
