 50
 100 100 
 83 48 0 3 7968 
 39 14 0 3 1092 
 33 98 0 3 6468 
 12 33 0 3 1188 
 23 85 0 3 1955 
 17 40 0 3 1360 
 91 5 0 3 1365 
 79 76 0 3 12008 
 42 22 0 3 924 
 31 6 0 3 558 
 66 65 0 3 12870 
 78 11 0 3 858 
 12 8 0 3 96 
 20 37 0 3 740 
 37 86 0 3 9546 
 95 14 0 3 2660 
 67 98 0 3 13132 
 77 81 0 3 18711 
 14 77 0 3 1078 
 28 2 0 3 56 
 44 83 0 3 7304 
 92 36 0 3 3312 
 33 88 0 3 2904 
 92 20 0 3 1840 
 37 11 0 3 1221 
 46 28 0 3 2576 
 49 33 0 3 4851 
 18 77 0 3 1386 
 98 5 0 3 980 
 13 33 0 3 429 
 40 48 0 3 5760 
 44 7 0 3 924 
 26 90 0 3 7020 
 6 90 0 3 1620 
 78 100 0 3 15600 
 15 11 0 3 495 
 88 3 0 3 264 
 32 33 0 3 1056 
 86 92 0 3 15824 
 6 34 0 3 612 
 98 23 0 3 2254 
 98 81 0 3 23814 
 58 90 0 3 10440 
 81 3 0 3 729 
 48 87 0 3 12528 
 59 53 0 3 3127 
 56 57 0 3 6384 
 61 51 0 3 9333 
 28 90 0 3 2520 
 23 33 0 3 1518 
